0.465 0.003 0.00 0.00 0.11 24.31 13.00 3.00 0 109462 0.0000000 0.0000000
0.464 0.003 0.00 0.00 0.11 24.31 13.00 3.00 0 109562 0.0000000 0.0000000
0.464 0.003 0.00 0.00 0.11 24.31 13.00 3.00 0 109662 0.0000000 0.0000000
0.464 0.003 0.00 0.00 0.11 24.31 13.00 3.00 0 109762 0.0000000 0.0000000
0.464 0.000 0.00 0.00 0.11 24.31 13.00 3.00 0 109862 0.0000000 0.0000000
0.464 0.003 0.00 0.00 0.11 24.31 13.00 3.00 0 109962 0.0000000 0.0000000
0.463 0.003 0.00 0.00 0.11 24.31 13.00 3.00 0 110062 0.0000000 0.0000000
0.464 0.003 0.00 0.00 0.11 24.31 13.00 3.00 0 110162 0.0000000 0.0000000
0.463 0.003 0.00 0.00 0.11 24.31 13.00 3.00 0 110262 0.0000000 0.0000000
0.463 0.000 0.00 0.00 0.11 24.31 13.00 3.00 0 110362 0.0000000 0.0000000
0.463 0.003 0.00 0.00 0.11 24.31 13.00 3.00 0 110462 0.0000000 0.0000000
0.463 0.000 0.00 0.00 0.11 24.31 13.00 3.00 0 110562 0.0000000 0.0000000
0.463 0.003 0.00 0.00 0.11 24.31 13.00 3.00 0 110662 0.0000000 0.0000000
0.462 0.000 0.00 0.00 0.11 24.31 13.00 3.00 0 110762 0.0000000 0.0000000
0.463 0.003 0.00 0.00 0.11 24.31 13.00 3.00 0 110862 0.0000000 0.0000000
0.463 0.000 0.00 0.00 0.11 24.31 13.00 3.00 0 110962 0.0000000 0.0000000
0.462 0.000 0.00 0.00 0.11 24.31 13.00 3.00 0 111062 0.0000000 0.0000000
0.462 0.003 0.00 0.00 0.11 24.31 13.00 3.00 0 111162 0.0000000 0.0000000
0.462 0.003 0.00 0.00 0.11 24.31 13.00 3.00 0 111262 0.0000000 0.0000000
0.462 0.000 0.00 0.00 0.11 24.31 13.00 3.00 0 111362 0.0000000 0.0000000
0.462 0.000 0.00 0.00 0.11 24.31 13.00 3.00 0 111462 0.0000000 0.0000000
0.462 0.003 0.00 0.00 0.11 24.31 13.00 3.00 0 111562 0.0000000 0.0000000
0.460 0.003 0.00 0.00 0.11 24.31 13.00 3.00 0 111662 0.0000000 0.0000000
0.460 0.000 0.00 0.00 0.11 24.31 13.00 3.00 0 111762 0.0000000 0.0000000
0.460 0.003 0.00 0.00 0.11 24.31 13.00 3.00 0 111862 0.0000000 0.0000000
0.460 0.003 0.00 0.00 0.11 24.31 13.00 3.00 0 111962 0.0000000 0.0000000
0.460 0.003 0.00 0.00 0.12 24.31 13.00 3.00 0 112062 0.0000000 0.0000000
0.459 0.003 0.00 0.00 0.12 24.31 13.00 3.00 0 112162 0.0000000 0.0000000
0.459 0.000 0.00 0.00 0.12 24.31 13.00 3.00 0 112262 0.0000000 0.0000000
0.459 0.000 0.00 0.00 0.12 24.31 13.00 3.00 0 112362 0.0000000 0.0000000
0.459 0.003 0.00 0.00 0.12 24.31 13.00 3.00 0 112462 0.0000000 0.0000000
0.459 0.000 0.00 0.00 0.12 24.31 13.00 3.00 0 112562 0.0000000 0.0000000
0.458 0.003 0.00 0.00 0.12 24.31 13.00 3.00 0 112662 0.0000000 0.0000000
0.458 0.000 0.00 0.00 0.12 24.31 13.00 3.00 0 112762 0.0000000 0.0000000
0.458 0.000 0.00 0.00 0.12 24.31 13.00 3.00 0 112862 0.0000000 0.0000000
0.458 0.003 0.00 0.00 0.12 24.31 13.00 3.00 0 112962 0.0000000 0.0000000
0.458 0.003 0.00 0.00 0.12 24.31 13.00 3.00 0 113062 0.0000000 0.0000000
0.458 0.003 0.00 0.00 0.12 24.31 13.00 3.00 0 113162 0.0000000 0.0000000
0.458 0.003 0.00 0.00 0.12 24.31 13.00 3.00 0 113262 0.0000000 0.0000000
0.458 0.000 0.00 0.00 0.12 24.31 13.00 3.00 0 113362 0.0000000 0.0000000
0.457 0.003 0.00 0.00 0.12 24.31 13.00 3.00 0 113462 0.0000000 0.0000000
0.457 0.000 0.00 0.00 0.12 24.31 13.00 3.00 0 113562 0.0000000 0.0000000
0.457 0.003 0.00 0.00 0.12 24.31 13.00 3.00 0 113662 0.0000000 0.0000000
0.457 0.003 0.00 0.16 0.12 24.50 13.00 3.00 0 113762 0.0000000 0.0000000
0.457 0.003 0.00 0.16 0.12 24.50 13.00 3.00 0 113862 0.0000000 0.0000000
0.457 0.000 0.00 0.16 0.12 24.69 13.00 3.00 0 113962 0.0000000 0.0000000
0.455 0.000 0.00 0.16 0.12 24.88 13.00 3.00 0 114062 0.0000000 0.0000000
0.457 0.000 0.00 0.16 0.12 24.88 13.00 3.00 0 114162 0.0000000 0.0000000
0.455 0.003 0.00 0.16 0.12 25.08 13.00 3.00 0 114262 0.0000000 0.0000000
0.455 0.000 0.00 0.16 0.12 25.08 13.00 3.00 0 114362 0.0000000 0.0000000
0.455 0.003 0.00 0.17 0.12 25.27 13.00 3.00 0 114462 0.0000000 0.0000000
0.455 0.003 0.00 0.17 0.12 25.46 13.00 3.00 0 114562 0.0000000 0.0000000
0.454 0.000 0.00 0.17 0.12 25.46 13.00 3.00 0 114662 0.0000000 0.0000000
0.455 0.003 0.00 0.17 0.12 25.66 13.00 3.00 0 114762 0.0000000 0.0000000
0.454 0.000 0.00 0.18 0.12 25.85 13.00 3.00 0 114862 0.0000000 0.0000000
0.454 0.003 0.00 0.18 0.12 25.85 13.00 3.00 0 114962 0.0000000 0.0000000
0.454 0.000 0.00 1.20 0.12 26.04 13.00 3.00 0 115062 0.0000000 0.0000000
0.454 0.003 0.00 1.26 0.12 26.23 13.00 3.00 0 115162 0.0000000 0.0000000
0.454 0.003 0.00 1.32 0.12 26.43 13.00 3.00 0 115262 0.0000000 0.0000000
0.453 0.003 0.00 1.39 0.12 26.62 13.00 3.00 0 115362 0.0000000 0.0000000
0.453 0.003 0.00 1.49 0.12 26.81 13.00 3.00 0 115462 0.0000000 0.0000000
0.453 0.000 0.00 1.59 0.12 27.01 13.00 3.00 0 115562 0.0000000 0.0000000
0.453 0.003 0.00 1.72 0.12 27.20 13.00 3.00 0 115662 0.0000000 0.0000000
0.453 0.003 0.00 1.82 0.12 27.39 13.00 3.00 0 115762 0.0000000 0.0000000
0.452 0.000 0.00 1.91 0.12 27.59 13.00 3.00 0 115862 0.0000000 0.0000000
0.453 0.003 0.00 2.07 0.12 27.97 13.00 3.00 0 115962 0.0000000 0.0000000
0.453 0.003 0.00 2.15 0.12 28.16 13.00 3.00 0 116062 0.0000000 0.0000000
0.452 0.003 0.00 2.21 0.12 28.36 13.00 3.00 0 116162 0.0000000 0.0000000
0.452 0.000 0.00 2.25 0.12 28.55 13.00 3.00 0 116262 0.0000000 0.0000000
0.452 0.000 0.00 2.35 0.12 28.94 13.00 3.00 0 116362 0.0000000 0.0000000
0.452 0.000 0.00 2.40 0.12 29.13 13.00 3.00 0 116462 0.0000000 0.0000000
0.452 0.003 0.00 2.45 0.12 29.32 13.00 3.00 0 116562 0.0000000 0.0000000
0.452 0.003 0.00 2.56 0.12 29.71 13.00 3.00 0 116662 0.0000000 0.0000000
0.450 0.003 0.00 2.62 0.12 29.90 13.00 3.00 0 116762 0.0000000 0.0000000
0.450 0.003 0.00 2.77 0.12 30.29 13.00 3.00 0 116862 0.0000000 0.0000000
0.450 0.003 0.00 2.83 0.12 30.48 13.00 3.00 0 116962 0.0000000 0.0000000
0.450 0.003 0.00 2.96 0.12 30.86 13.00 3.00 0 117062 0.0000000 0.0000000
0.450 0.003 0.00 3.09 0.12 31.25 13.00 3.00 0 117162 0.0000000 0.0000000
0.450 0.000 0.00 3.21 0.12 31.64 13.00 3.00 0 117262 0.0000000 0.0000000
0.450 0.000 0.00 3.28 0.12 31.83 13.00 3.00 0 117362 0.0000000 0.0000000
0.450 0.003 0.00 3.39 0.12 32.21 13.00 3.00 0 117462 0.0000000 0.0000000
0.449 0.003 0.00 3.50 0.12 32.60 13.00 3.00 0 117562 0.0000000 0.0000000
0.449 0.000 0.00 3.58 0.12 32.99 13.00 3.00 0 117662 0.0000000 0.0000000
0.449 0.000 0.00 3.65 0.12 33.37 13.00 3.00 0 117762 0.0000000 0.0000000
0.449 0.003 0.00 3.74 0.12 33.76 13.00 3.00 0 117862 0.0000000 0.0000000
0.448 0.000 0.00 3.85 0.12 34.14 13.00 3.00 0 117962 0.0000000 0.0000000
0.449 0.003 0.00 3.97 0.12 34.53 13.00 3.00 0 118062 0.0000000 0.0000000
0.449 0.003 0.00 4.10 0.12 35.11 13.00 3.00 0 118162 0.0000000 0.0000000
0.448 0.000 0.00 4.16 0.12 35.49 13.00 3.00 0 118262 0.0000000 0.0000000
0.448 0.003 0.00 4.20 0.12 35.88 13.00 3.00 0 118362 0.0000000 0.0000000
0.448 0.000 0.00 4.26 0.12 36.27 13.00 3.00 0 118462 0.0000000 0.0000000
0.448 0.000 0.00 4.40 0.12 36.84 13.00 3.00 0 118562 0.0000000 0.0000000
0.448 0.003 0.00 4.50 0.12 37.23 13.00 3.00 0 118662 0.0000000 0.0000000
0.447 0.000 0.00 4.61 0.12 37.81 13.00 3.00 0 118762 0.0000000 0.0000000
0.447 0.003 0.00 4.65 0.12 38.19 13.00 3.00 0 118862 0.0000000 0.0000000
0.447 0.000 0.00 4.68 0.12 38.58 13.00 3.00 0 118962 0.0000000 0.0000000
0.447 0.003 0.00 4.78 0.12 39.16 13.00 3.00 0 119062 0.0000000 0.0000000
0.447 0.000 0.00 4.92 0.12 39.74 13.00 3.00 0 119162 0.0000000 0.0000000
0.447 0.000 0.00 5.02 0.12 40.12 13.00 3.00 0 119262 0.0000000 0.0000000
0.447 0.003 0.00 5.13 0.12 40.70 13.00 3.00 0 119362 0.0000000 0.0000000
0.445 0.003 0.00 5.22 0.12 41.28 13.00 3.00 0 119462 0.0000000 0.0000000
0.445 0.000 0.00 5.33 0.12 41.86 13.00 3.00 0 119562 0.0000000 0.0000000
0.445 0.003 0.00 5.42 0.12 42.25 13.00 3.00 0 119662 0.0000000 0.0000000
0.445 0.003 0.00 5.54 0.12 42.82 13.00 3.00 0 119762 0.0000000 0.0000000
0.445 0.003 0.00 5.64 0.12 43.40 13.00 3.00 0 119862 0.0000000 0.0000000
0.445 0.000 0.00 5.78 0.12 43.98 13.00 3.00 0 119962 0.0000000 0.0000000
0.445 0.003 0.00 6.02 0.12 44.75 13.00 3.00 0 120062 0.0000000 0.0000000
0.444 0.003 0.00 6.15 0.12 45.33 13.00 3.00 0 120162 0.0000000 0.0000000
0.444 0.000 0.00 6.22 0.12 45.91 13.00 3.00 0 120262 0.0000000 0.0000000
0.445 0.000 0.00 6.33 0.12 46.68 13.00 3.00 0 120362 0.0000000 0.0000000
0.444 0.000 0.00 6.45 0.12 47.26 13.00 3.00 0 120462 0.0000000 0.0000000
0.444 0.000 0.00 6.59 0.12 47.84 13.00 3.00 0 120562 0.0000000 0.0000000
0.444 0.003 0.00 6.77 0.12 48.61 13.00 3.00 0 120662 0.0000000 0.0000000
0.444 0.003 0.00 6.92 0.12 49.38 13.00 3.00 0 120762 0.0000000 0.0000000
0.444 0.003 0.00 7.05 0.12 49.96 13.00 3.00 0 120862 0.0000000 0.0000000
0.443 0.003 0.00 7.21 0.12 50.73 13.00 3.00 0 120962 0.0000000 0.0000000
0.443 0.000 0.00 7.34 0.12 51.50 13.00 3.00 0 121062 0.0000000 0.0000000
0.443 0.000 0.00 7.50 0.12 52.28 13.00 3.00 0 121162 0.0000000 0.0000000
0.443 0.003 0.00 7.68 0.12 53.05 13.00 3.00 0 121262 0.0000000 0.0000000
0.443 0.003 0.00 7.78 0.12 53.82 13.00 3.00 0 121362 0.0000000 0.0000000
0.443 0.003 0.00 7.88 0.12 54.59 13.00 3.00 0 121462 0.0000000 0.0000000
0.442 0.000 0.00 8.04 0.12 55.36 13.00 3.00 0 121562 0.0000000 0.0000000
0.443 0.000 0.00 8.24 0.12 56.33 13.00 3.00 0 121662 0.0000000 0.0000000
0.443 0.003 0.00 8.33 0.12 57.10 13.00 3.00 0 121762 0.0000000 0.0000000
0.442 0.003 0.00 8.45 0.12 57.87 13.00 3.00 0 121862 0.0000000 0.0000000
0.442 0.003 0.00 8.64 0.12 58.84 13.00 3.00 0 121962 0.0000000 0.0000000
0.442 0.003 0.00 8.79 0.12 59.80 13.00 3.00 0 122062 0.0000000 0.0000000
0.440 0.003 0.00 8.88 0.12 60.57 13.00 3.00 0 122162 0.0000000 0.0000000
0.440 0.000 0.00 9.01 0.12 61.54 13.00 3.00 0 122262 0.0000000 0.0000000
0.440 0.003 0.00 9.15 0.12 62.50 13.00 3.00 0 122362 0.0000000 0.0000000
0.440 0.003 0.00 9.26 0.12 63.27 13.00 3.00 0 122462 0.0000000 0.0000000
0.440 0.003 0.00 9.39 0.12 64.24 13.00 3.00 0 122562 0.0000000 0.0000000
0.440 0.000 0.00 9.52 0.12 65.20 13.00 3.00 0 122662 0.0000000 0.0000000
0.440 0.000 0.00 9.66 0.12 66.17 13.00 3.00 0 122762 0.0000000 0.0000000
0.440 0.003 0.00 9.76 0.12 67.13 13.00 3.00 0 122862 0.0000000 0.0000000
0.440 0.003 0.00 9.89 0.12 68.29 13.00 3.00 0 122962 0.0000000 0.0000000
0.439 0.000 0.00 10.00 0.12 69.25 13.00 3.00 0 123062 0.0000000 0.0000000
0.439 0.000 0.00 10.11 0.12 70.22 13.00 3.00 0 123162 0.0000000 0.0000000
0.439 0.003 0.00 10.22 0.12 71.18 13.00 3.00 0 123262 0.0000000 0.0000000
0.439 0.003 0.00 10.34 0.12 72.34 13.00 3.00 0 123362 0.0000000 0.0000000
0.439 0.003 0.00 10.42 0.12 73.30 13.00 3.00 0 123462 0.0000000 0.0000000
0.438 0.003 0.00 10.52 0.12 74.46 13.00 3.00 0 123562 0.0000000 0.0000000
0.438 0.003 0.00 10.60 0.12 75.42 13.00 3.00 0 123662 0.0000000 0.0000000
0.438 0.003 0.00 10.70 0.12 76.58 13.00 3.00 0 123762 0.0000000 0.0000000
0.438 0.000 0.00 10.77 0.12 77.55 13.00 3.00 0 123862 0.0000000 0.0000000
0.438 0.003 0.00 10.89 0.12 78.70 13.00 3.00 0 123962 0.0000000 0.0000000
0.438 0.003 0.00 11.00 0.12 79.86 13.00 3.00 0 124062 0.0000000 0.0000000
0.438 0.003 0.00 11.08 0.12 80.83 13.00 3.00 0 124162 0.0000000 0.0000000
0.438 0.003 0.00 11.20 0.12 81.98 13.00 3.00 0 124262 0.0000000 0.0000000
0.438 0.000 0.00 11.32 0.12 83.14 13.00 3.00 0 124362 0.0000000 0.0000000
0.437 0.000 0.00 11.41 0.12 84.30 13.00 3.00 0 124462 0.0000000 0.0000000
0.437 0.000 0.00 11.55 0.12 85.46 13.00 3.00 0 124562 0.0000000 0.0000000
0.437 0.003 0.00 11.68 0.12 86.61 13.00 3.00 0 124662 0.0000000 0.0000000
0.437 0.003 0.00 11.78 0.12 87.77 13.00 3.00 0 124762 0.0000000 0.0000000
0.437 0.003 0.00 11.89 0.12 88.93 13.00 3.00 0 124862 0.0000000 0.0000000
0.435 0.000 0.00 12.02 0.12 90.28 13.00 3.00 0 124962 0.0000000 0.0000000
0.437 0.000 0.00 12.14 0.12 91.44 13.00 3.00 0 125062 0.0000000 0.0000000
0.435 0.003 0.00 12.26 0.13 92.59 13.00 3.00 0 125162 0.0000000 0.0000000
0.435 0.003 0.00 12.41 0.13 93.94 13.00 3.00 0 125262 0.0000000 0.0000000
0.435 0.000 0.00 12.55 0.13 95.10 13.00 3.00 0 125362 0.0000000 0.0000000
0.435 0.003 0.00 12.72 0.13 96.45 13.00 3.00 0 125462 0.0000000 0.0000000
0.435 0.000 0.00 12.90 0.13 97.80 13.00 3.00 0 125562 0.0000000 0.0000000
0.435 0.000 0.00 13.04 0.13 98.96 13.00 3.00 0 125662 0.0000000 0.0000000
0.434 0.003 0.00 13.22 0.13 100.31 13.00 3.00 0 125762 0.0000000 0.0000000
0.434 0.003 0.00 13.38 0.13 101.66 13.00 3.00 0 125862 0.0000000 0.0000000
0.434 0.003 0.00 13.53 0.13 103.01 13.00 3.00 0 125962 0.0000000 0.0000000
0.434 0.000 0.00 13.68 0.13 104.36 13.00 3.00 0 126062 0.0000000 0.0000000
0.434 0.000 0.00 13.82 0.13 105.90 13.00 3.00 0 126162 0.0000000 0.0000000
0.434 0.003 0.00 13.96 0.13 107.25 13.00 3.00 0 126262 0.0000000 0.0000000
0.433 0.000 0.00 14.07 0.13 108.60 13.00 3.00 0 126362 0.0000000 0.0000000
0.433 0.003 0.00 14.21 0.13 110.15 13.00 3.00 0 126462 0.0000000 0.0000000
0.433 0.003 0.00 14.33 0.13 111.50 13.00 3.00 0 126562 0.0000000 0.0000000
0.433 0.003 0.00 14.44 0.13 112.85 13.00 3.00 0 126662 0.0000000 0.0000000
0.433 0.003 0.00 14.60 0.13 114.39 13.00 3.00 0 126762 0.0000000 0.0000000
0.433 0.000 0.00 14.71 0.13 115.93 13.00 3.00 0 126862 0.0000000 0.0000000
0.433 0.000 0.00 14.84 0.13 117.28 13.00 3.00 0 126962 0.0000000 0.0000000
0.433 0.003 0.00 14.96 0.13 118.83 13.00 3.00 0 127062 0.0000000 0.0000000
0.433 0.000 0.00 15.07 0.13 120.37 13.00 3.00 0 127162 0.0000000 0.0000000
0.432 0.003 0.00 15.20 0.13 121.91 13.00 3.00 0 127262 0.0000000 0.0000000
0.432 0.003 0.00 15.31 0.13 123.46 13.00 3.00 0 127362 0.0000000 0.0000000
0.432 0.003 0.00 15.41 0.13 125.00 13.00 3.00 0 127462 0.0000000 0.0000000
0.432 0.003 0.00 15.54 0.13 126.54 13.00 3.00 0 127562 0.0000000 0.0000000
0.432 0.000 0.00 15.66 0.13 128.09 13.00 3.00 0 127662 0.0000000 0.0000000
0.432 0.003 0.00 15.75 0.13 129.63 13.00 3.00 0 127762 0.0000000 0.0000000
0.430 0.003 0.00 15.87 0.13 131.17 13.00 3.00 0 127862 0.0000000 0.0000000
0.430 0.000 0.00 16.00 0.13 132.91 13.00 3.00 0 127962 0.0000000 0.0000000
0.430 0.000 0.00 16.11 0.13 134.45 13.00 3.00 0 128062 0.0000000 0.0000000
0.430 0.000 0.00 16.23 0.13 136.00 13.00 3.00 0 128162 0.0000000 0.0000000
0.430 0.003 0.00 16.37 0.13 137.73 13.00 3.00 0 128262 0.0000000 0.0000000
0.430 0.003 0.00 16.49 0.13 139.28 13.00 3.00 0 128362 0.0000000 0.0000000
0.430 0.000 0.00 16.61 0.13 141.01 13.00 3.00 0 128462 0.0000000 0.0000000
0.429 0.000 0.00 16.75 0.13 142.75 13.00 3.00 0 128562 0.0000000 0.0000000
0.429 0.003 0.00 16.86 0.13 144.29 13.00 3.00 0 128662 0.0000000 0.0000000
0.429 0.003 0.00 16.98 0.13 146.03 13.00 3.00 0 128762 0.0000000 0.0000000
0.429 0.000 0.00 17.10 0.13 147.76 13.00 3.00 0 128862 0.0000000 0.0000000
0.429 0.003 0.00 17.25 0.13 149.50 13.00 3.00 0 128962 0.0000000 0.0000000
0.428 0.003 0.00 17.37 0.13 151.24 13.00 3.00 0 129062 0.0000000 0.0000000
0.429 0.003 0.00 17.53 0.13 152.97 13.00 3.00 0 129162 0.0000000 0.0000000
0.429 0.000 0.00 17.67 0.13 154.71 13.00 3.00 0 129262 0.0000000 0.0000000
0.428 0.003 0.00 17.84 0.13 156.64 13.00 3.00 0 129362 0.0000000 0.0000000
0.428 0.003 0.00 17.96 0.13 158.37 13.00 3.00 0 129462 0.0000000 0.0000000
0.428 0.003 0.00 18.11 0.13 160.11 13.00 3.00 0 129562 0.0000000 0.0000000
0.428 0.003 0.00 18.27 0.13 162.04 13.00 3.00 0 129662 0.0000000 0.0000000
0.428 0.003 0.00 18.40 0.13 163.77 13.00 3.00 0 129762 0.0000000 0.0000000
0.428 0.003 0.00 18.56 0.13 165.70 13.00 3.00 0 129862 0.0000000 0.0000000
0.427 0.003 0.00 18.70 0.13 167.63 13.00 3.00 0 129962 0.0000000 0.0000000
0.428 0.000 0.00 18.99 0.13 169.37 13.00 3.00 0 130062 0.0000000 0.0000000
0.427 0.003 0.00 19.44 0.13 171.49 13.00 3.00 0 130162 0.0000000 0.0000000
0.427 0.003 0.00 19.61 0.13 173.42 13.00 3.00 0 130262 0.0000000 0.0000000
0.427 0.003 0.00 19.84 0.13 175.35 13.00 3.00 0 130362 0.0000000 0.0000000
0.427 0.003 0.00 20.31 0.13 177.28 13.00 3.00 0 130462 0.0000000 0.0000000
0.427 0.003 0.00 20.63 0.13 179.40 13.00 3.00 0 130562 0.0000000 0.0000000
0.427 0.000 0.00 20.67 0.13 181.52 13.00 3.00 0 130662 0.0000000 0.0000000
0.425 0.003 0.00 20.91 0.13 183.64 13.00 3.00 0 130762 0.0000000 0.0000000
0.425 0.003 0.00 21.39 0.13 185.76 13.00 3.00 0 130862 0.0000000 0.0000000
0.425 0.003 0.00 21.65 0.13 187.89 13.00 3.00 0 130962 0.0000000 0.0000000
0.425 0.000 0.00 21.68 0.13 190.01 13.00 3.00 0 131062 0.0000000 0.0000000
0.425 0.003 0.00 21.90 0.13 192.32 13.00 3.00 0 131162 0.0000000 0.0000000
0.425 0.003 0.00 22.29 0.13 194.45 13.00 3.00 0 131262 0.0000000 0.0000000
0.424 0.003 0.00 22.48 0.13 196.76 13.00 3.00 0 131362 0.0000000 0.0000000
0.424 0.003 0.00 22.59 0.13 198.88 13.00 3.00 0 131462 0.0000000 0.0000000
0.424 0.000 0.00 22.88 0.13 201.20 13.00 3.00 0 131562 0.0000000 0.0000000
0.424 0.000 0.00 23.24 0.13 203.51 13.00 3.00 0 131662 0.0000000 0.0000000
0.424 0.003 0.00 23.43 0.13 205.83 13.00 3.00 0 131762 0.0000000 0.0000000
0.424 0.000 0.00 23.66 0.13 208.33 13.00 3.00 0 131862 0.0000000 0.0000000
0.424 0.000 0.00 23.94 0.13 210.65 13.00 3.00 0 131962 0.0000000 0.0000000
0.424 0.003 0.00 24.21 0.13 213.16 13.00 3.00 0 132062 0.0000000 0.0000000
0.423 0.003 0.00 24.46 0.13 215.47 13.00 3.00 0 132162 0.0000000 0.0000000
0.423 0.000 0.00 24.70 0.13 217.98 13.00 3.00 0 132262 0.0000000 0.0000000
0.423 0.003 0.00 24.96 0.13 220.49 13.00 3.00 0 132362 0.0000000 0.0000000
0.423 0.003 0.00 25.20 0.13 223.00 13.00 3.00 0 132462 0.0000000 0.0000000
0.423 0.003 0.00 25.41 0.13 225.50 13.00 3.00 0 132562 0.0000000 0.0000000
0.423 0.003 0.00 25.65 0.13 228.01 13.00 3.00 0 132662 0.0000000 0.0000000
0.423 0.003 0.00 25.88 0.13 230.71 13.00 3.00 0 132762 0.0000000 0.0000000
0.422 0.000 0.00 26.09 0.13 233.22 13.00 3.00 0 132862 0.0000000 0.0000000
0.422 0.003 0.00 26.30 0.13 235.92 13.00 3.00 0 132962 0.0000000 0.0000000
0.422 0.000 0.00 26.47 0.13 238.62 13.00 3.00 0 133062 0.0000000 0.0000000
0.420 0.003 0.00 26.63 0.13 241.13 13.00 3.00 0 133162 0.0000000 0.0000000
0.422 0.003 0.00 26.77 0.13 243.83 13.00 3.00 0 133262 0.0000000 0.0000000
0.422 0.000 0.00 26.92 0.13 246.53 13.00 3.00 0 133362 0.0000000 0.0000000
0.420 0.003 0.00 27.08 0.13 249.23 13.00 3.00 0 133462 0.0000000 0.0000000
0.422 0.000 0.00 27.19 0.13 251.93 13.00 3.00 0 133562 0.0000000 0.0000000
0.422 0.003 0.00 27.31 0.13 254.63 13.00 3.00 0 133662 0.0000000 0.0000000
0.420 0.003 0.00 27.43 0.13 257.52 13.00 3.00 0 133762 0.0000000 0.0000000
0.420 0.003 0.00 27.54 0.13 260.23 13.00 3.00 0 133862 0.0000000 0.0000000
0.420 0.003 0.00 27.62 0.13 262.93 13.00 3.00 0 133962 0.0000000 0.0000000
0.420 0.003 0.00 27.74 0.13 265.82 13.00 3.00 0 134062 0.0000000 0.0000000
0.419 0.003 0.00 27.81 0.13 268.52 13.00 3.00 0 134162 0.0000000 0.0000000
0.419 0.000 0.00 27.91 0.13 271.22 13.00 3.00 0 134262 0.0000000 0.0000000
0.419 0.003 0.00 27.98 0.13 274.11 13.00 3.00 0 134362 0.0000000 0.0000000
0.419 0.003 0.00 27.88 0.13 276.81 13.00 3.00 0 134462 0.0000000 0.0000000
0.419 0.000 0.00 27.74 0.13 279.71 13.00 3.00 0 134562 0.0000000 0.0000000
0.419 0.003 0.00 27.60 0.13 282.41 13.00 3.00 0 134662 0.0000000 0.0000000
0.419 0.003 0.00 27.46 0.13 285.11 13.00 3.00 0 134762 0.0000000 0.0000000
0.419 0.003 0.00 27.30 0.13 288.00 13.00 3.00 0 134862 0.0000000 0.0000000
0.419 0.003 0.00 27.17 0.13 290.70 13.00 3.00 0 134962 0.0000000 0.0000000
0.418 0.003 0.00 27.05 0.13 293.40 13.00 3.00 0 135062 0.0000000 0.0000000
0.418 0.003 0.00 26.90 0.13 296.11 13.00 3.00 0 135162 0.0000000 0.0000000
0.418 0.003 0.00 26.77 0.13 298.81 13.00 3.00 0 135262 0.0000000 0.0000000
0.418 0.003 0.00 26.64 0.13 301.31 13.00 3.00 0 135362 0.0000000 0.0000000
0.418 0.003 0.00 26.50 0.13 304.01 13.00 3.00 0 135462 0.0000000 0.0000000
0.418 0.003 0.00 26.38 0.13 306.71 13.00 3.00 0 135562 0.0000000 0.0000000
0.418 0.003 0.00 26.25 0.13 309.22 13.00 3.00 0 135662 0.0000000 0.0000000
0.417 0.000 0.00 26.11 0.13 311.92 13.00 3.00 0 135762 0.0000000 0.0000000
0.417 0.003 0.00 25.99 0.13 314.43 13.00 3.00 0 135862 0.0000000 0.0000000
0.417 0.003 0.00 25.86 0.13 317.13 13.00 3.00 0 135962 0.0000000 0.0000000
0.417 0.000 0.00 25.75 0.13 319.64 13.00 3.00 0 136062 0.0000000 0.0000000
0.417 0.000 0.00 25.62 0.13 322.15 13.00 3.00 0 136162 0.0000000 0.0000000
0.417 0.000 0.00 25.49 0.13 324.85 13.00 3.00 0 136262 0.0000000 0.0000000
0.417 0.003 0.00 25.38 0.13 327.36 13.00 3.00 0 136362 0.0000000 0.0000000
0.415 0.003 0.00 25.26 0.13 329.86 13.00 3.00 0 136462 0.0000000 0.0000000
0.417 0.003 0.00 25.15 0.13 332.37 13.00 3.00 0 136562 0.0000000 0.0000000
0.415 0.000 0.00 25.03 0.13 334.88 13.00 3.00 0 136662 0.0000000 0.0000000
0.415 0.000 0.00 24.90 0.13 337.39 13.00 3.00 0 136762 0.0000000 0.0000000
0.415 0.003 0.00 24.80 0.13 339.89 13.00 3.00 0 136862 0.0000000 0.0000000
0.414 0.003 0.00 24.67 0.13 342.40 13.00 3.00 0 136962 0.0000000 0.0000000
0.414 0.003 0.00 24.56 0.13 344.72 13.00 3.00 0 137062 0.0000000 0.0000000
0.414 0.000 0.00 24.45 0.13 347.22 13.00 3.00 0 137162 0.0000000 0.0000000
0.414 0.003 0.00 24.33 0.13 349.73 13.00 3.00 0 137262 0.0000000 0.0000000
0.414 0.003 0.00 24.23 0.14 352.05 13.00 3.00 0 137362 0.0000000 0.0000000
0.414 0.003 0.00 24.10 0.14 354.55 13.00 3.00 0 137462 0.0000000 0.0000000
0.414 0.000 0.00 24.01 0.14 356.87 13.00 3.00 0 137562 0.0000000 0.0000000
0.414 0.003 0.00 23.89 0.14 359.38 13.00 3.00 0 137662 0.0000000 0.0000000
0.414 0.003 0.00 23.77 0.14 361.69 13.00 3.00 0 137762 0.0000000 0.0000000
0.413 0.000 0.00 23.67 0.14 364.01 13.00 3.00 0 137862 0.0000000 0.0000000
0.413 0.000 0.00 23.57 0.14 366.32 13.00 3.00 0 137962 0.0000000 0.0000000
0.413 0.003 0.00 23.47 0.14 368.83 13.00 3.00 0 138062 0.0000000 0.0000000
0.413 0.000 0.00 23.35 0.14 371.14 13.00 3.00 0 138162 0.0000000 0.0000000
0.413 0.003 0.00 23.25 0.14 373.46 13.00 3.00 0 138262 0.0000000 0.0000000
0.413 0.003 0.00 23.14 0.14 375.77 13.00 3.00 0 138362 0.0000000 0.0000000
0.413 0.003 0.00 23.05 0.14 378.09 13.00 3.00 0 138462 0.0000000 0.0000000
0.412 0.003 0.00 22.95 0.14 380.40 13.00 3.00 0 138562 0.0000000 0.0000000
0.412 0.003 0.00 22.86 0.14 382.53 13.00 3.00 0 138662 0.0000000 0.0000000
0.412 0.003 0.00 22.76 0.14 384.84 13.00 3.00 0 138762 0.0000000 0.0000000
0.412 0.003 0.00 22.67 0.14 387.15 13.00 3.00 0 138862 0.0000000 0.0000000
0.412 0.003 0.00 22.56 0.14 389.47 13.00 3.00 0 138962 0.0000000 0.0000000
0.412 0.003 0.00 22.45 0.14 391.59 13.00 3.00 0 139062 0.0000000 0.0000000
0.412 0.003 0.00 22.37 0.14 393.91 13.00 3.00 0 139162 0.0000000 0.0000000
0.410 0.003 0.00 22.28 0.14 396.03 13.00 3.00 0 139262 0.0000000 0.0000000
0.410 0.003 0.00 22.18 0.14 398.34 13.00 3.00 0 139362 0.0000000 0.0000000
0.410 0.003 0.00 22.07 0.14 400.47 13.00 3.00 0 139462 0.0000000 0.0000000
0.410 0.003 0.00 21.98 0.14 402.78 13.00 3.00 0 139562 0.0000000 0.0000000
0.410 0.003 0.00 21.89 0.14 404.90 13.00 3.00 0 139662 0.0000000 0.0000000
0.410 0.003 0.00 21.79 0.14 407.02 13.00 3.00 0 139762 0.0000000 0.0000000
0.410 0.000 0.00 21.70 0.14 409.34 13.00 3.00 0 139862 0.0000000 0.0000000
0.410 0.000 0.00 21.59 0.14 411.46 13.00 3.00 0 139962 0.0000000 0.0000000
0.410 0.000 0.00 21.51 0.14 413.58 13.00 3.00 0 140062 0.0000000 0.0000000
0.409 0.003 0.00 21.42 0.14 415.70 13.00 3.00 0 140162 0.0000000 0.0000000
0.409 0.003 0.00 21.35 0.14 417.83 13.00 3.00 0 140262 0.0000000 0.0000000
0.409 0.003 0.00 21.24 0.14 419.95 13.00 3.00 0 140362 0.0000000 0.0000000
0.409 0.003 0.00 21.14 0.14 422.07 13.00 3.00 0 140462 0.0000000 0.0000000
0.409 0.000 0.00 21.06 0.14 424.19 13.00 3.00 0 140562 0.0000000 0.0000000
0.409 0.000 0.00 20.97 0.14 426.31 13.00 3.00 0 140662 0.0000000 0.0000000
0.408 0.003 0.00 20.90 0.14 428.44 13.00 3.00 0 140762 0.0000000 0.0000000
0.408 0.000 0.00 20.81 0.14 430.56 13.00 3.00 0 140862 0.0000000 0.0000000
0.408 0.003 0.00 20.72 0.14 432.49 13.00 3.00 0 140962 0.0000000 0.0000000
0.408 0.003 0.00 20.63 0.14 434.61 13.00 3.00 0 141062 0.0000000 0.0000000
0.408 0.000 0.00 20.54 0.14 436.73 13.00 3.00 0 141162 0.0000000 0.0000000
0.408 0.003 0.00 20.46 0.14 438.66 13.00 3.00 0 141262 0.0000000 0.0000000
0.408 0.003 0.00 20.38 0.14 440.78 13.00 3.00 0 141362 0.0000000 0.0000000
0.408 0.003 0.00 20.30 0.14 442.71 13.00 3.00 0 141462 0.0000000 0.0000000
0.408 0.000 0.00 20.23 0.14 444.83 13.00 3.00 0 141562 0.0000000 0.0000000
0.407 0.003 0.00 20.13 0.14 446.76 13.00 3.00 0 141662 0.0000000 0.0000000
0.407 0.003 0.00 20.03 0.14 448.88 13.00 3.00 0 141762 0.0000000 0.0000000
0.407 0.000 0.00 19.95 0.14 450.81 13.00 3.00 0 141862 0.0000000 0.0000000
0.407 0.000 0.00 19.88 0.14 452.74 13.00 3.00 0 141962 0.0000000 0.0000000
0.407 0.000 0.00 19.80 0.14 454.86 13.00 3.00 0 142062 0.0000000 0.0000000
0.407 0.000 0.00 19.71 0.14 456.79 13.00 3.00 0 142162 0.0000000 0.0000000
0.407 0.000 0.00 19.64 0.14 458.72 13.00 3.00 0 142262 0.0000000 0.0000000
0.405 0.000 0.00 19.56 0.14 460.65 13.00 3.00 0 142362 0.0000000 0.0000000
0.405 0.000 0.00 19.47 0.14 462.58 13.00 3.00 0 142462 0.0000000 0.0000000
0.405 0.003 0.00 19.40 0.14 464.51 13.00 3.00 0 142562 0.0000000 0.0000000
0.405 0.003 0.00 19.32 0.14 466.44 13.00 3.00 0 142662 0.0000000 0.0000000
0.405 0.003 0.00 19.25 0.14 468.37 13.00 3.00 0 142762 0.0000000 0.0000000
0.405 0.000 0.00 19.16 0.14 470.30 13.00 3.00 0 142862 0.0000000 0.0000000
0.404 0.003 0.00 19.09 0.14 472.22 13.00 3.00 0 142962 0.0000000 0.0000000
0.405 0.000 0.00 19.02 0.14 474.15 13.00 3.00 0 143062 0.0000000 0.0000000
0.404 0.003 0.00 18.94 0.14 476.08 13.00 3.00 0 143162 0.0000000 0.0000000
0.404 0.003 0.00 18.86 0.14 478.01 13.00 3.00 0 143262 0.0000000 0.0000000
0.404 0.003 0.00 18.79 0.14 479.75 13.00 3.00 0 143362 0.0000000 0.0000000
0.404 0.003 0.00 18.71 0.14 481.68 13.00 3.00 0 143462 0.0000000 0.0000000
0.404 0.000 0.00 18.64 0.14 483.61 13.00 3.00 0 143562 0.0000000 0.0000000
0.404 0.000 0.00 18.56 0.14 485.34 13.00 3.00 0 143662 0.0000000 0.0000000
0.403 0.003 0.00 18.48 0.14 487.27 13.00 3.00 0 143762 0.0000000 0.0000000
0.403 0.003 0.00 18.42 0.14 489.01 13.00 3.00 0 143862 0.0000000 0.0000000
0.403 0.000 0.00 18.36 0.14 490.94 13.00 3.00 0 143962 0.0000000 0.0000000
0.403 0.000 0.00 18.25 0.14 492.87 13.00 3.00 0 144062 0.0000000 0.0000000
0.403 0.003 0.00 18.21 0.14 494.60 13.00 3.00 0 144162 0.0000000 0.0000000
0.403 0.003 0.00 18.13 0.14 496.34 13.00 3.00 0 144262 0.0000000 0.0000000
0.403 0.003 0.00 18.05 0.14 498.27 13.00 3.00 0 144362 0.0000000 0.0000000
0.403 0.003 0.00 17.98 0.14 500.00 13.00 3.00 0 144462 0.0000000 0.0000000
0.402 0.000 0.00 17.92 0.14 501.74 13.00 3.00 0 144562 0.0000000 0.0000000
0.402 0.003 0.00 17.84 0.14 503.67 13.00 3.00 0 144662 0.0000000 0.0000000
0.402 0.003 0.00 17.77 0.14 505.40 13.00 3.00 0 144762 0.0000000 0.0000000
0.402 0.003 0.00 17.71 0.14 507.14 13.00 3.00 0 144862 0.0000000 0.0000000
0.402 0.003 0.00 17.65 0.14 508.88 13.00 3.00 0 144962 0.0000000 0.0000000
0.402 0.003 0.00 17.58 0.14 510.61 13.00 3.00 0 145062 0.0000000 0.0000000
0.400 0.000 0.00 17.50 0.14 512.35 13.00 3.00 0 145162 0.0000000 0.0000000
0.400 0.003 0.00 17.43 0.14 514.08 13.00 3.00 0 145262 0.0000000 0.0000000
0.400 0.003 0.00 17.38 0.14 515.82 13.00 3.00 0 145362 0.0000000 0.0000000
0.400 0.000 0.00 17.29 0.14 517.56 13.00 3.00 0 145462 0.0000000 0.0000000
0.400 0.003 0.00 17.23 0.14 519.29 13.00 3.00 0 145562 0.0000000 0.0000000
0.400 0.000 0.00 17.17 0.14 521.03 13.00 3.00 0 145662 0.0000000 0.0000000
0.400 0.000 0.00 17.12 0.14 522.77 13.00 3.00 0 145762 0.0000000 0.0000000
0.400 0.003 0.00 17.05 0.14 524.50 13.00 3.00 0 145862 0.0000000 0.0000000
0.400 0.000 0.00 16.96 0.14 526.24 13.00 3.00 0 145962 0.0000000 0.0000000
0.400 0.003 0.00 16.92 0.14 527.78 13.00 3.00 0 146062 0.0000000 0.0000000
0.399 0.003 0.00 16.84 0.14 529.52 13.00 3.00 0 146162 0.0000000 0.0000000
0.399 0.003 0.00 16.79 0.14 531.25 13.00 3.00 0 146262 0.0000000 0.0000000
0.399 0.000 0.00 16.72 0.14 532.80 13.00 3.00 0 146362 0.0000000 0.0000000
0.399 0.003 0.00 16.66 0.14 534.53 13.00 3.00 0 146462 0.0000000 0.0000000
0.399 0.003 0.00 16.60 0.14 536.27 13.00 3.00 0 146562 0.0000000 0.0000000
0.399 0.003 0.00 16.54 0.14 537.81 13.00 3.00 0 146662 0.0000000 0.0000000
0.398 0.003 0.00 16.48 0.14 539.55 13.00 3.00 0 146762 0.0000000 0.0000000
0.399 0.003 0.00 16.41 0.14 541.09 13.00 3.00 0 146862 0.0000000 0.0000000
0.398 0.003 0.00 16.34 0.14 542.83 13.00 3.00 0 146962 0.0000000 0.0000000
0.398 0.000 0.00 16.30 0.14 544.37 13.00 3.00 0 147062 0.0000000 0.0000000
0.398 0.003 0.00 16.23 0.14 546.11 13.00 3.00 0 147162 0.0000000 0.0000000
0.398 0.003 0.00 16.17 0.14 547.65 13.00 3.00 0 147262 0.0000000 0.0000000
0.398 0.003 0.00 16.12 0.14 549.19 13.00 3.00 0 147362 0.0000000 0.0000000
0.398 0.003 0.00 16.05 0.14 550.93 13.00 3.00 0 147462 0.0000000 0.0000000
0.398 0.003 0.00 15.99 0.14 552.47 13.00 3.00 0 147562 0.0000000 0.0000000
0.397 0.003 0.00 15.94 0.14 554.02 13.00 3.00 0 147662 0.0000000 0.0000000
0.397 0.000 0.00 15.88 0.14 555.56 13.00 3.00 0 147762 0.0000000 0.0000000
0.397 0.003 0.00 15.81 0.14 557.29 13.00 3.00 0 147862 0.0000000 0.0000000
0.397 0.000 0.00 15.76 0.14 558.84 13.00 3.00 0 147962 0.0000000 0.0000000
0.397 0.000 0.00 15.70 0.14 560.38 13.00 3.00 0 148062 0.0000000 0.0000000
0.397 0.003 0.00 15.65 0.14 561.92 13.00 3.00 0 148162 0.0000000 0.0000000
0.397 0.000 0.00 15.58 0.14 563.47 13.00 3.00 0 148262 0.0000000 0.0000000
0.397 0.003 0.00 15.54 0.14 565.01 13.00 3.00 0 148362 0.0000000 0.0000000
0.395 0.003 0.00 15.48 0.14 566.55 13.00 3.00 0 148462 0.0000000 0.0000000
0.395 0.003 0.00 15.43 0.14 568.10 13.00 3.00 0 148562 0.0000000 0.0000000
0.395 0.000 0.00 15.38 0.14 569.64 13.00 3.00 0 148662 0.0000000 0.0000000
0.395 0.003 0.00 15.33 0.14 571.18 13.00 3.00 0 148762 0.0000000 0.0000000
0.395 0.000 0.00 15.26 0.14 572.73 13.00 3.00 0 148862 0.0000000 0.0000000
0.395 0.003 0.00 15.23 0.14 574.27 13.00 3.00 0 148962 0.0000000 0.0000000
0.395 0.003 0.00 15.16 0.14 575.81 13.00 3.00 0 149062 0.0000000 0.0000000
0.395 0.003 0.00 15.11 0.14 577.36 13.00 3.00 0 149162 0.0000000 0.0000000
0.394 0.000 0.00 15.06 0.14 578.71 13.00 3.00 0 149262 0.0000000 0.0000000
0.394 0.000 0.00 15.01 0.14 580.25 13.00 3.00 0 149362 0.0000000 0.0000000
0.394 0.003 0.00 14.97 0.14 581.79 13.00 3.00 0 149462 0.0000000 0.0000000
0.394 0.003 0.00 14.91 0.14 583.34 13.00 3.00 0 149562 0.0000000 0.0000000
0.394 0.003 0.00 14.86 0.14 584.69 13.00 3.00 0 149662 0.0000000 0.0000000
0.394 0.000 0.00 14.80 0.14 586.23 13.00 3.00 0 149762 0.0000000 0.0000000
0.393 0.000 0.00 14.76 0.14 587.77 13.00 3.00 0 149862 0.0000000 0.0000000
0.393 0.003 0.00 14.71 0.14 589.12 13.00 3.00 0 149962 0.0000000 0.0000000
0.393 0.000 0.00 14.66 0.14 590.67 13.00 3.00 0 150062 0.0000000 0.0000000
0.393 0.003 0.00 14.61 0.14 592.21 13.00 3.00 0 150162 0.0000000 0.0000000
0.393 0.000 0.00 14.56 0.14 593.56 13.00 3.00 0 150262 0.0000000 0.0000000
0.393 0.003 0.00 14.51 0.14 595.10 13.00 3.00 0 150362 0.0000000 0.0000000
0.393 0.003 0.00 14.46 0.14 596.45 13.00 3.00 0 150462 0.0000000 0.0000000
0.393 0.003 0.00 14.41 0.14 598.00 13.00 3.00 0 150562 0.0000000 0.0000000
0.393 0.003 0.00 14.37 0.15 599.35 13.00 3.00 0 150662 0.0000000 0.0000000
0.393 0.000 0.00 14.32 0.15 600.70 13.00 3.00 0 150762 0.0000000 0.0000000
0.392 0.000 0.00 14.27 0.15 602.24 13.00 3.00 0 150862 0.0000000 0.0000000
0.392 0.003 0.00 14.22 0.15 603.59 13.00 3.00 0 150962 0.0000000 0.0000000
0.392 0.003 0.00 14.17 0.15 605.13 13.00 3.00 0 151062 0.0000000 0.0000000
0.392 0.003 0.00 14.13 0.15 606.48 13.00 3.00 0 151162 0.0000000 0.0000000
0.392 0.000 0.00 14.07 0.15 607.84 13.00 3.00 0 151262 0.0000000 0.0000000
0.392 0.003 0.00 14.04 0.15 609.19 13.00 3.00 0 151362 0.0000000 0.0000000
0.392 0.003 0.00 13.98 0.15 610.73 13.00 3.00 0 151462 0.0000000 0.0000000
0.390 0.003 0.00 13.94 0.15 612.08 13.00 3.00 0 151562 0.0000000 0.0000000
0.390 0.003 0.00 13.90 0.15 613.43 13.00 3.00 0 151662 0.0000000 0.0000000
0.392 0.003 0.00 13.86 0.15 614.78 13.00 3.00 0 151762 0.0000000 0.0000000
0.390 0.003 0.00 13.81 0.15 616.13 13.00 3.00 0 151862 0.0000000 0.0000000
0.390 0.003 0.00 13.76 0.15 617.67 13.00 3.00 0 151962 0.0000000 0.0000000
0.389 0.003 0.00 13.70 0.15 619.02 13.00 3.00 0 152062 0.0000000 0.0000000
0.390 0.003 0.00 13.66 0.15 620.37 13.00 3.00 0 152162 0.0000000 0.0000000
0.390 0.003 0.00 13.63 0.15 621.72 13.00 3.00 0 152262 0.0000000 0.0000000
0.389 0.000 0.00 13.59 0.15 623.07 13.00 3.00 0 152362 0.0000000 0.0000000
0.389 0.003 0.00 13.53 0.15 624.42 13.00 3.00 0 152462 0.0000000 0.0000000
0.389 0.000 0.00 13.49 0.15 625.78 13.00 3.00 0 152562 0.0000000 0.0000000
0.390 0.000 0.00 13.45 0.15 627.13 13.00 3.00 0 152662 0.0000000 0.0000000
0.389 0.000 0.00 13.40 0.15 628.48 13.00 3.00 0 152762 0.0000000 0.0000000
0.389 0.003 0.00 13.35 0.15 629.83 13.00 3.00 0 152862 0.0000000 0.0000000
0.389 0.000 0.00 13.31 0.15 631.18 13.00 3.00 0 152962 0.0000000 0.0000000
0.388 0.003 0.00 13.27 0.15 632.33 13.00 3.00 0 153062 0.0000000 0.0000000
0.388 0.003 0.00 13.23 0.15 633.68 13.00 3.00 0 153162 0.0000000 0.0000000
0.388 0.000 0.00 13.18 0.15 635.03 13.00 3.00 0 153262 0.0000000 0.0000000
0.388 0.003 0.00 13.14 0.15 636.38 13.00 3.00 0 153362 0.0000000 0.0000000
0.388 0.000 0.00 13.09 0.15 637.73 13.00 3.00 0 153462 0.0000000 0.0000000
0.388 0.000 0.00 13.04 0.15 639.09 13.00 3.00 0 153562 0.0000000 0.0000000
0.387 0.003 0.00 13.01 0.15 640.24 13.00 3.00 0 153662 0.0000000 0.0000000
0.387 0.003 0.00 12.97 0.15 641.59 13.00 3.00 0 153762 0.0000000 0.0000000
0.387 0.003 0.00 12.93 0.15 642.94 13.00 3.00 0 153862 0.0000000 0.0000000
0.388 0.003 0.00 12.88 0.15 644.10 13.00 3.00 0 153962 0.0000000 0.0000000
0.387 0.000 0.00 12.84 0.15 645.45 13.00 3.00 0 154062 0.0000000 0.0000000
0.387 0.003 0.00 12.80 0.15 646.80 13.00 3.00 0 154162 0.0000000 0.0000000
0.387 0.003 0.00 12.76 0.15 647.96 13.00 3.00 0 154262 0.0000000 0.0000000
0.385 0.003 0.00 12.71 0.15 649.31 13.00 3.00 0 154362 0.0000000 0.0000000
0.387 0.003 0.00 12.68 0.15 650.47 13.00 3.00 0 154462 0.0000000 0.0000000
0.387 0.003 0.00 12.64 0.15 651.82 13.00 3.00 0 154562 0.0000000 0.0000000
0.387 0.000 0.00 12.59 0.15 652.97 13.00 3.00 0 154662 0.0000000 0.0000000
0.385 0.003 0.00 12.55 0.15 654.32 13.00 3.00 0 154762 0.0000000 0.0000000
0.385 0.003 0.00 12.52 0.15 655.48 13.00 3.00 0 154862 0.0000000 0.0000000
0.385 0.003 0.00 12.46 0.15 656.83 13.00 3.00 0 154962 0.0000000 0.0000000
0.385 0.000 0.00 12.44 0.15 657.99 13.00 3.00 0 155062 0.0000000 0.0000000
0.385 0.003 0.00 12.38 0.15 659.34 13.00 3.00 0 155162 0.0000000 0.0000000
0.385 0.000 0.00 12.35 0.15 660.50 13.00 3.00 0 155262 0.0000000 0.0000000
0.385 0.000 0.00 12.31 0.15 661.85 13.00 3.00 0 155362 0.0000000 0.0000000
0.385 0.003 0.00 12.27 0.15 663.01 13.00 3.00 0 155462 0.0000000 0.0000000
0.384 0.003 0.00 12.23 0.15 664.16 13.00 3.00 0 155562 0.0000000 0.0000000
0.384 0.003 0.00 12.19 0.15 665.51 13.00 3.00 0 155662 0.0000000 0.0000000
0.383 0.003 0.00 12.15 0.15 666.67 13.00 3.00 0 155762 0.0000000 0.0000000
0.384 0.003 0.00 12.11 0.15 667.83 13.00 3.00 0 155862 0.0000000 0.0000000
0.384 0.003 0.00 12.07 0.15 668.99 13.00 3.00 0 155962 0.0000000 0.0000000
0.384 0.000 0.00 12.03 0.15 670.34 13.00 3.00 0 156062 0.0000000 0.0000000
0.383 0.000 0.00 11.99 0.15 671.49 13.00 3.00 0 156162 0.0000000 0.0000000
0.384 0.003 0.00 11.95 0.15 672.65 13.00 3.00 0 156262 0.0000000 0.0000000
0.383 0.003 0.00 11.92 0.15 673.81 13.00 3.00 0 156362 0.0000000 0.0000000
0.383 0.000 0.00 11.87 0.15 674.97 13.00 3.00 0 156462 0.0000000 0.0000000
0.383 0.003 0.00 11.84 0.15 676.12 13.00 3.00 0 156562 0.0000000 0.0000000
0.383 0.000 0.00 11.79 0.15 677.47 13.00 3.00 0 156662 0.0000000 0.0000000
0.383 0.003 0.00 11.76 0.15 678.63 13.00 3.00 0 156762 0.0000000 0.0000000
0.382 0.003 0.00 11.72 0.15 679.79 13.00 3.00 0 156862 0.0000000 0.0000000
0.382 0.003 0.00 11.68 0.15 680.95 13.00 3.00 0 156962 0.0000000 0.0000000
0.382 0.000 0.00 11.64 0.15 682.10 13.00 3.00 0 157062 0.0000000 0.0000000
0.382 0.003 0.00 11.61 0.15 683.26 13.00 3.00 0 157162 0.0000000 0.0000000
0.382 0.003 0.00 11.57 0.15 684.42 13.00 3.00 0 157262 0.0000000 0.0000000
0.382 0.000 0.00 11.54 0.15 685.57 13.00 3.00 0 157362 0.0000000 0.0000000
0.382 0.000 0.00 11.50 0.15 686.73 13.00 3.00 0 157462 0.0000000 0.0000000
0.382 0.003 0.00 11.46 0.15 687.89 13.00 3.00 0 157562 0.0000000 0.0000000
0.382 0.000 0.00 11.42 0.15 689.05 13.00 3.00 0 157662 0.0000000 0.0000000
0.380 0.000 0.00 11.38 0.15 690.20 13.00 3.00 0 157762 0.0000000 0.0000000
0.380 0.000 0.00 11.35 0.15 691.17 13.00 3.00 0 157862 0.0000000 0.0000000
0.382 0.003 0.00 11.31 0.15 692.33 13.00 3.00 0 157962 0.0000000 0.0000000
0.380 0.003 0.00 11.28 0.15 693.48 13.00 3.00 0 158062 0.0000000 0.0000000
0.380 0.003 0.00 11.24 0.15 694.64 13.00 3.00 0 158162 0.0000000 0.0000000
0.380 0.003 0.00 11.20 0.15 695.80 13.00 3.00 0 158262 0.0000000 0.0000000
0.379 0.000 0.00 11.17 0.15 696.76 13.00 3.00 0 158362 0.0000000 0.0000000
0.380 0.003 0.00 11.13 0.15 697.92 13.00 3.00 0 158462 0.0000000 0.0000000
0.380 0.003 0.00 11.10 0.15 699.08 13.00 3.00 0 158562 0.0000000 0.0000000
0.379 0.000 0.00 11.06 0.15 700.24 13.00 3.00 0 158662 0.0000000 0.0000000
0.379 0.003 0.00 11.02 0.15 701.20 13.00 3.00 0 158762 0.0000000 0.0000000
0.379 0.000 0.00 10.99 0.15 702.36 13.00 3.00 0 158862 0.0000000 0.0000000
0.379 0.003 0.00 10.94 0.15 703.51 13.00 3.00 0 158962 0.0000000 0.0000000
0.379 0.003 0.00 10.93 0.15 704.48 13.00 3.00 0 159062 0.0000000 0.0000000
0.379 0.000 0.00 10.88 0.15 705.64 13.00 3.00 0 159162 0.0000000 0.0000000
0.379 0.003 0.00 10.85 0.15 706.79 13.00 3.00 0 159262 0.0000000 0.0000000
0.379 0.000 0.00 10.81 0.15 707.76 13.00 3.00 0 159362 0.0000000 0.0000000
0.378 0.003 0.00 10.78 0.15 708.92 13.00 3.00 0 159462 0.0000000 0.0000000
0.378 0.003 0.00 10.74 0.15 709.88 13.00 3.00 0 159562 0.0000000 0.0000000
0.378 0.003 0.00 10.71 0.15 711.04 13.00 3.00 0 159662 0.0000000 0.0000000
0.378 0.003 0.00 10.67 0.15 712.20 13.00 3.00 0 159762 0.0000000 0.0000000
0.378 0.003 0.00 10.63 0.15 713.16 13.00 3.00 0 159862 0.0000000 0.0000000
0.378 0.003 0.00 10.60 0.15 714.32 13.00 3.00 0 159962 0.0000000 0.0000000
0.378 0.003 0.00 10.57 0.15 715.28 13.00 3.00 0 160062 0.0000000 0.0000000
0.378 0.000 0.00 10.54 0.15 716.25 13.00 3.00 0 160162 0.0000000 0.0000000
0.377 0.003 0.00 10.50 0.15 717.40 13.00 3.00 0 160262 0.0000000 0.0000000
0.377 0.003 0.00 10.46 0.15 718.37 13.00 3.00 0 160362 0.0000000 0.0000000
0.377 0.000 0.00 10.43 0.15 719.53 13.00 3.00 0 160462 0.0000000 0.0000000
0.377 0.003 0.00 10.40 0.15 720.49 13.00 3.00 0 160562 0.0000000 0.0000000
0.377 0.000 0.00 10.36 0.15 721.45 13.00 3.00 0 160662 0.0000000 0.0000000
0.377 0.000 0.00 10.33 0.15 722.61 13.00 3.00 0 160762 0.0000000 0.0000000
0.375 0.000 0.00 10.30 0.15 723.58 13.00 3.00 0 160862 0.0000000 0.0000000
0.375 0.003 0.00 10.26 0.15 724.54 13.00 3.00 0 160962 0.0000000 0.0000000
0.375 0.003 0.00 10.23 0.15 725.70 13.00 3.00 0 161062 0.0000000 0.0000000
0.375 0.003 0.00 10.19 0.15 726.66 13.00 3.00 0 161162 0.0000000 0.0000000
0.375 0.003 0.00 10.16 0.15 727.63 13.00 3.00 0 161262 0.0000000 0.0000000
0.375 0.003 0.00 10.12 0.15 728.78 13.00 3.00 0 161362 0.0000000 0.0000000
0.374 0.003 0.00 10.10 0.15 729.75 13.00 3.00 0 161462 0.0000000 0.0000000
0.375 0.000 0.00 10.06 0.15 730.71 13.00 3.00 0 161562 0.0000000 0.0000000
0.375 0.003 0.00 10.03 0.15 731.68 13.00 3.00 0 161662 0.0000000 0.0000000
0.375 0.000 0.00 10.00 0.15 732.64 13.00 3.00 0 161762 0.0000000 0.0000000
0.374 0.003 0.00 9.96 0.15 733.80 13.00 3.00 0 161862 0.0000000 0.0000000
0.374 0.003 0.00 9.93 0.15 734.76 13.00 3.00 0 161962 0.0000000 0.0000000
0.374 0.000 0.00 9.90 0.15 735.73 13.00 3.00 0 162062 0.0000000 0.0000000
0.373 0.003 0.00 9.87 0.15 736.69 13.00 3.00 0 162162 0.0000000 0.0000000
0.374 0.003 0.00 9.83 0.15 737.66 13.00 3.00 0 162262 0.0000000 0.0000000
0.374 0.000 0.00 9.80 0.15 738.62 13.00 3.00 0 162362 0.0000000 0.0000000
0.374 0.000 0.00 9.77 0.15 739.59 13.00 3.00 0 162462 0.0000000 0.0000000
0.374 0.003 0.00 9.74 0.15 740.55 13.00 3.00 0 162562 0.0000000 0.0000000
0.373 0.000 0.00 9.71 0.15 741.52 13.00 3.00 0 162662 0.0000000 0.0000000
0.373 0.000 0.00 9.68 0.15 742.48 13.00 3.00 0 162762 0.0000000 0.0000000
0.373 0.003 0.00 9.64 0.15 743.45 13.00 3.00 0 162862 0.0000000 0.0000000
0.373 0.000 0.00 9.61 0.15 744.41 13.00 3.00 0 162962 0.0000000 0.0000000
0.373 0.003 0.00 9.58 0.15 745.37 13.00 3.00 0 163062 0.0000000 0.0000000
0.373 0.000 0.00 9.54 0.15 746.34 13.00 3.00 0 163162 0.0000000 0.0000000
0.373 0.003 0.00 9.52 0.15 747.30 13.00 3.00 0 163262 0.0000000 0.0000000
0.373 0.003 0.00 9.48 0.15 748.27 13.00 3.00 0 163362 0.0000000 0.0000000
0.372 0.003 0.00 9.44 0.15 749.23 13.00 3.00 0 163462 0.0000000 0.0000000
0.373 0.003 0.00 9.41 0.15 750.20 13.00 3.00 0 163562 0.0000000 0.0000000
0.372 0.003 0.00 9.39 0.15 750.97 13.00 3.00 0 163662 0.0000000 0.0000000
0.372 0.003 0.00 9.36 0.15 751.93 13.00 3.00 0 163762 0.0000000 0.0000000
0.372 0.000 0.00 9.33 0.15 752.90 13.00 3.00 0 163862 0.0000000 0.0000000
0.372 0.003 0.00 9.29 0.15 753.86 13.00 3.00 0 163962 0.0000000 0.0000000
0.370 0.003 0.00 9.26 0.15 754.83 13.00 3.00 0 164062 0.0000000 0.0000000
0.372 0.003 0.00 9.23 0.15 755.79 13.00 3.00 0 164162 0.0000000 0.0000000
0.370 0.003 0.00 9.20 0.15 756.56 13.00 3.00 0 164262 0.0000000 0.0000000
0.370 0.000 0.00 9.17 0.15 757.53 13.00 3.00 0 164362 0.0000000 0.0000000
0.370 0.003 0.00 9.13 0.15 758.49 13.00 3.00 0 164462 0.0000000 0.0000000
0.370 0.000 0.00 9.11 0.15 759.46 13.00 3.00 0 164562 0.0000000 0.0000000
0.370 0.000 0.00 9.08 0.15 760.23 13.00 3.00 0 164662 0.0000000 0.0000000
0.370 0.003 0.00 9.05 0.15 761.19 13.00 3.00 0 164762 0.0000000 0.0000000
0.370 0.003 0.00 9.02 0.16 762.16 13.00 3.00 0 164862 0.0000000 0.0000000
0.370 0.003 0.00 8.99 0.16 762.93 13.00 3.00 0 164962 0.0000000 0.0000000
0.369 0.003 0.00 8.95 0.16 763.89 13.00 3.00 0 165062 0.0000000 0.0000000
0.369 0.000 0.00 8.93 0.16 764.66 13.00 3.00 0 165162 0.0000000 0.0000000
0.369 0.000 0.00 8.90 0.16 765.63 13.00 3.00 0 165262 0.0000000 0.0000000
0.369 0.000 0.00 8.87 0.16 766.59 13.00 3.00 0 165362 0.0000000 0.0000000
0.369 0.000 0.00 8.83 0.16 767.37 13.00 3.00 0 165462 0.0000000 0.0000000
0.369 0.000 0.00 8.81 0.16 768.33 13.00 3.00 0 165562 0.0000000 0.0000000
0.369 0.003 0.00 8.78 0.16 769.10 13.00 3.00 0 165662 0.0000000 0.0000000
0.369 0.000 0.00 8.75 0.16 770.07 13.00 3.00 0 165762 0.0000000 0.0000000
0.369 0.000 0.00 8.72 0.16 770.84 13.00 3.00 0 165862 0.0000000 0.0000000
0.368 0.003 0.00 8.69 0.16 771.80 13.00 3.00 0 165962 0.0000000 0.0000000
0.369 0.003 0.00 8.67 0.16 772.57 13.00 3.00 0 166062 0.0000000 0.0000000
0.368 0.003 0.00 8.63 0.16 773.54 13.00 3.00 0 166162 0.0000000 0.0000000
0.368 0.003 0.00 8.60 0.16 774.31 13.00 3.00 0 166262 0.0000000 0.0000000
0.368 0.003 0.00 8.57 0.16 775.27 13.00 3.00 0 166362 0.0000000 0.0000000
0.368 0.000 0.00 8.55 0.16 776.05 13.00 3.00 0 166462 0.0000000 0.0000000
0.368 0.003 0.00 8.52 0.16 777.01 13.00 3.00 0 166562 0.0000000 0.0000000
0.368 0.003 0.00 8.49 0.16 777.78 13.00 3.00 0 166662 0.0000000 0.0000000
0.367 0.003 0.00 8.47 0.16 778.55 13.00 3.00 0 166762 0.0000000 0.0000000
0.367 0.000 0.00 8.43 0.16 779.52 13.00 3.00 0 166862 0.0000000 0.0000000
0.368 0.003 0.00 8.41 0.16 780.29 13.00 3.00 0 166962 0.0000000 0.0000000
0.367 0.000 0.00 8.38 0.16 781.06 13.00 3.00 0 167062 0.0000000 0.0000000
0.367 0.003 0.00 8.35 0.16 782.03 13.00 3.00 0 167162 0.0000000 0.0000000
0.367 0.003 0.00 8.32 0.16 782.80 13.00 3.00 0 167262 0.0000000 0.0000000
0.367 0.003 0.00 8.29 0.16 783.57 13.00 3.00 0 167362 0.0000000 0.0000000
0.367 0.003 0.00 8.26 0.16 784.53 13.00 3.00 0 167462 0.0000000 0.0000000
0.365 0.000 0.00 8.23 0.16 785.31 13.00 3.00 0 167562 0.0000000 0.0000000
0.367 0.003 0.00 8.21 0.16 786.08 13.00 3.00 0 167662 0.0000000 0.0000000
0.365 0.003 0.00 8.18 0.16 786.85 13.00 3.00 0 167762 0.0000000 0.0000000
0.365 0.000 0.00 8.15 0.16 787.81 13.00 3.00 0 167862 0.0000000 0.0000000
0.365 0.003 0.00 8.12 0.16 788.58 13.00 3.00 0 167962 0.0000000 0.0000000
0.365 0.000 0.00 8.10 0.16 789.36 13.00 3.00 0 168062 0.0000000 0.0000000
0.365 0.003 0.00 8.07 0.16 790.13 13.00 3.00 0 168162 0.0000000 0.0000000
0.365 0.000 0.00 8.04 0.16 790.90 13.00 3.00 0 168262 0.0000000 0.0000000
0.365 0.003 0.00 8.01 0.16 791.67 13.00 3.00 0 168362 0.0000000 0.0000000
0.365 0.000 0.00 7.98 0.16 792.64 13.00 3.00 0 168462 0.0000000 0.0000000
0.364 0.003 0.00 7.95 0.16 793.41 13.00 3.00 0 168562 0.0000000 0.0000000
0.364 0.003 0.00 7.94 0.16 794.18 13.00 3.00 0 168662 0.0000000 0.0000000
0.364 0.003 0.00 7.90 0.16 794.95 13.00 3.00 0 168762 0.0000000 0.0000000
0.364 0.003 0.00 7.87 0.16 795.72 13.00 3.00 0 168862 0.0000000 0.0000000
0.364 0.000 0.00 7.86 0.16 796.49 13.00 3.00 0 168962 0.0000000 0.0000000
0.364 0.003 0.00 7.82 0.16 797.27 13.00 3.00 0 169062 0.0000000 0.0000000
0.363 0.000 0.00 7.80 0.16 798.04 13.00 3.00 0 169162 0.0000000 0.0000000
0.364 0.000 0.00 7.77 0.16 798.81 13.00 3.00 0 169262 0.0000000 0.0000000
0.363 0.003 0.00 7.74 0.16 799.58 13.00 3.00 0 169362 0.0000000 0.0000000
0.363 0.003 0.00 7.72 0.16 800.35 13.00 3.00 0 169462 0.0000000 0.0000000
0.363 0.003 0.00 7.69 0.16 801.12 13.00 3.00 0 169562 0.0000000 0.0000000
0.363 0.000 0.00 7.66 0.16 801.89 13.00 3.00 0 169662 0.0000000 0.0000000
0.363 0.003 0.00 7.63 0.16 802.67 13.00 3.00 0 169762 0.0000000 0.0000000
0.362 0.003 0.00 7.61 0.16 803.44 13.00 3.00 0 169862 0.0000000 0.0000000
0.363 0.003 0.00 7.58 0.16 804.21 13.00 3.00 0 169962 0.0000000 0.0000000
0.363 0.000 0.00 7.55 0.16 804.98 13.00 3.00 0 170062 0.0000000 0.0000000
0.363 0.000 0.00 7.53 0.16 805.75 13.00 3.00 0 170162 0.0000000 0.0000000
0.363 0.000 0.00 7.51 0.16 806.33 13.00 3.00 0 170262 0.0000000 0.0000000
0.363 0.003 0.00 7.48 0.16 807.10 13.00 3.00 0 170362 0.0000000 0.0000000
0.362 0.003 0.00 7.45 0.16 807.87 13.00 3.00 0 170462 0.0000000 0.0000000
0.362 0.000 0.00 7.43 0.16 808.65 13.00 3.00 0 170562 0.0000000 0.0000000
0.362 0.000 0.00 7.40 0.16 809.42 13.00 3.00 0 170662 0.0000000 0.0000000
0.362 0.003 0.00 7.37 0.16 810.19 13.00 3.00 0 170762 0.0000000 0.0000000
0.362 0.000 0.00 7.35 0.16 810.96 13.00 3.00 0 170862 0.0000000 0.0000000
0.360 0.003 0.00 7.32 0.16 811.54 13.00 3.00 0 170962 0.0000000 0.0000000
0.360 0.003 0.00 7.30 0.16 812.31 13.00 3.00 0 171062 0.0000000 0.0000000
0.360 0.003 0.00 7.27 0.16 813.08 13.00 3.00 0 171162 0.0000000 0.0000000
0.360 0.000 0.00 7.24 0.16 813.85 13.00 3.00 0 171262 0.0000000 0.0000000
0.360 0.003 0.00 7.22 0.16 814.43 13.00 3.00 0 171362 0.0000000 0.0000000
0.360 0.003 0.00 7.19 0.16 815.21 13.00 3.00 0 171462 0.0000000 0.0000000
0.360 0.003 0.00 7.17 0.16 815.98 13.00 3.00 0 171562 0.0000000 0.0000000
0.360 0.000 0.00 7.14 0.16 816.56 13.00 3.00 0 171662 0.0000000 0.0000000
0.359 0.003 0.00 7.12 0.16 817.33 13.00 3.00 0 171762 0.0000000 0.0000000
0.359 0.003 0.00 7.09 0.16 818.10 13.00 3.00 0 171862 0.0000000 0.0000000
0.359 0.003 0.00 7.07 0.16 818.68 13.00 3.00 0 171962 0.0000000 0.0000000
0.359 0.003 0.00 7.04 0.16 819.45 13.00 3.00 0 172062 0.0000000 0.0000000
0.359 0.000 0.00 7.01 0.16 820.22 13.00 3.00 0 172162 0.0000000 0.0000000
0.359 0.003 0.00 6.99 0.16 820.80 13.00 3.00 0 172262 0.0000000 0.0000000
0.359 0.003 0.00 6.96 0.16 821.57 13.00 3.00 0 172362 0.0000000 0.0000000
0.358 0.003 0.00 6.94 0.16 822.15 13.00 3.00 0 172462 0.0000000 0.0000000
0.359 0.003 0.00 6.92 0.16 822.92 13.00 3.00 0 172562 0.0000000 0.0000000
0.359 0.003 0.00 6.88 0.16 823.69 13.00 3.00 0 172662 0.0000000 0.0000000
0.359 0.003 0.00 6.86 0.16 824.27 13.00 3.00 0 172762 0.0000000 0.0000000
0.359 0.003 0.00 6.83 0.16 825.04 13.00 3.00 0 172862 0.0000000 0.0000000
0.358 0.000 0.00 6.82 0.16 825.62 13.00 3.00 0 172962 0.0000000 0.0000000
0.358 0.003 0.00 6.79 0.16 826.39 13.00 3.00 0 173062 0.0000000 0.0000000
0.358 0.003 0.00 6.76 0.16 826.97 13.00 3.00 0 173162 0.0000000 0.0000000
0.358 0.000 0.00 6.74 0.16 827.74 13.00 3.00 0 173262 0.0000000 0.0000000
0.358 0.003 0.00 6.72 0.16 828.32 13.00 3.00 0 173362 0.0000000 0.0000000
0.358 0.003 0.00 6.69 0.16 829.09 13.00 3.00 0 173462 0.0000000 0.0000000
0.358 0.003 0.00 6.67 0.16 829.67 13.00 3.00 0 173562 0.0000000 0.0000000
0.357 0.003 0.00 6.64 0.16 830.44 13.00 3.00 0 173662 0.0000000 0.0000000
0.357 0.003 0.00 6.62 0.16 831.02 13.00 3.00 0 173762 0.0000000 0.0000000
0.357 0.003 0.00 6.59 0.16 831.60 13.00 3.00 0 173862 0.0000000 0.0000000
0.357 0.003 0.00 6.57 0.16 832.37 13.00 3.00 0 173962 0.0000000 0.0000000
0.357 0.003 0.00 6.54 0.16 832.95 13.00 3.00 0 174062 0.0000000 0.0000000
0.357 0.000 0.00 6.52 0.16 833.53 13.00 3.00 0 174162 0.0000000 0.0000000
0.355 0.003 0.00 6.50 0.16 834.30 13.00 3.00 0 174262 0.0000000 0.0000000
0.357 0.003 0.00 6.47 0.16 834.88 13.00 3.00 0 174362 0.0000000 0.0000000
0.355 0.000 0.00 6.45 0.16 835.65 13.00 3.00 0 174462 0.0000000 0.0000000
0.355 0.003 0.00 6.42 0.16 836.23 13.00 3.00 0 174562 0.0000000 0.0000000
0.355 0.000 0.00 6.40 0.16 836.81 13.00 3.00 0 174662 0.0000000 0.0000000
0.355 0.000 0.00 6.39 0.16 837.39 13.00 3.00 0 174762 0.0000000 0.0000000
0.355 0.003 0.00 6.36 0.16 838.16 13.00 3.00 0 174862 0.0000000 0.0000000
0.355 0.003 0.00 6.33 0.16 838.74 13.00 3.00 0 174962 0.0000000 0.0000000
0.355 0.000 0.00 6.31 0.16 839.32 13.00 3.00 0 175062 0.0000000 0.0000000
0.355 0.003 0.00 6.28 0.16 840.09 13.00 3.00 0 175162 0.0000000 0.0000000
0.355 0.003 0.00 6.26 0.16 840.67 13.00 3.00 0 175262 0.0000000 0.0000000
0.354 0.003 0.00 6.24 0.16 841.25 13.00 3.00 0 175362 0.0000000 0.0000000
0.354 0.003 0.00 6.22 0.16 841.83 13.00 3.00 0 175462 0.0000000 0.0000000
0.354 0.003 0.00 6.19 0.16 842.40 13.00 3.00 0 175562 0.0000000 0.0000000
0.354 0.003 0.00 6.16 0.16 843.18 13.00 3.00 0 175662 0.0000000 0.0000000
0.354 0.003 0.00 6.14 0.16 843.75 13.00 3.00 0 175762 0.0000000 0.0000000
0.354 0.003 0.00 6.12 0.16 844.33 13.00 3.00 0 175862 0.0000000 0.0000000
0.353 0.003 0.00 6.10 0.16 844.91 13.00 3.00 0 175962 0.0000000 0.0000000
0.354 0.003 0.00 6.08 0.16 845.49 13.00 3.00 0 176062 0.0000000 0.0000000
0.354 0.000 0.00 6.05 0.16 846.07 13.00 3.00 0 176162 0.0000000 0.0000000
0.353 0.003 0.00 6.03 0.16 846.65 13.00 3.00 0 176262 0.0000000 0.0000000
0.353 0.000 0.00 6.00 0.16 847.42 13.00 3.00 0 176362 0.0000000 0.0000000
0.353 0.003 0.00 5.98 0.16 848.00 13.00 3.00 0 176462 0.0000000 0.0000000
0.353 0.000 0.00 5.96 0.16 848.58 13.00 3.00 0 176562 0.0000000 0.0000000
0.353 0.003 0.00 5.94 0.16 849.16 13.00 3.00 0 176662 0.0000000 0.0000000
0.353 0.003 0.00 5.91 0.16 849.73 13.00 3.00 0 176762 0.0000000 0.0000000
0.353 0.000 0.00 5.89 0.16 850.31 13.00 3.00 0 176862 0.0000000 0.0000000
0.352 0.000 0.00 5.87 0.16 850.89 13.00 3.00 0 176962 0.0000000 0.0000000
0.352 0.003 0.00 5.85 0.16 851.47 13.00 3.00 0 177062 0.0000000 0.0000000
0.352 0.003 0.00 5.83 0.16 852.05 13.00 3.00 0 177162 0.0000000 0.0000000
0.352 0.003 0.00 5.80 0.16 852.63 13.00 3.00 0 177262 0.0000000 0.0000000
0.352 0.000 0.00 5.78 0.16 853.21 13.00 3.00 0 177362 0.0000000 0.0000000
0.352 0.003 0.00 5.76 0.16 853.79 13.00 3.00 0 177462 0.0000000 0.0000000
0.352 0.000 0.00 5.73 0.16 854.36 13.00 3.00 0 177562 0.0000000 0.0000000
0.352 0.003 0.00 5.71 0.16 854.94 13.00 3.00 0 177662 0.0000000 0.0000000
0.350 0.003 0.00 5.69 0.16 855.52 13.00 3.00 0 177762 0.0000000 0.0000000
0.350 0.000 0.00 5.67 0.16 856.10 13.00 3.00 0 177862 0.0000000 0.0000000
0.352 0.003 0.00 5.64 0.16 856.68 13.00 3.00 0 177962 0.0000000 0.0000000
0.350 0.003 0.00 5.63 0.16 857.06 13.00 3.00 0 178062 0.0000000 0.0000000
0.350 0.003 0.00 5.60 0.16 857.64 13.00 3.00 0 178162 0.0000000 0.0000000
0.350 0.003 0.00 5.58 0.16 858.22 13.00 3.00 0 178262 0.0000000 0.0000000
0.350 0.003 0.00 5.56 0.16 858.80 13.00 3.00 0 178362 0.0000000 0.0000000
0.350 0.003 0.00 5.54 0.16 859.38 13.00 3.00 0 178462 0.0000000 0.0000000
0.350 0.000 0.00 5.52 0.16 859.96 13.00 3.00 0 178562 0.0000000 0.0000000
0.350 0.003 0.00 5.49 0.16 860.54 13.00 3.00 0 178662 0.0000000 0.0000000
0.349 0.003 0.00 5.48 0.16 860.92 13.00 3.00 0 178762 0.0000000 0.0000000
0.349 0.003 0.00 5.45 0.16 861.50 13.00 3.00 0 178862 0.0000000 0.0000000
0.349 0.003 0.00 5.43 0.16 862.08 13.00 3.00 0 178962 0.0000000 0.0000000
0.349 0.000 0.00 5.41 0.16 862.66 13.00 3.00 0 179062 0.0000000 0.0000000
0.349 0.000 0.00 5.38 0.16 863.24 13.00 3.00 0 179162 0.0000000 0.0000000
0.349 0.003 0.00 5.37 0.16 863.62 13.00 3.00 0 179262 0.0000000 0.0000000
0.349 0.003 0.00 5.34 0.16 864.20 13.00 3.00 0 179362 0.0000000 0.0000000
0.349 0.003 0.00 5.32 0.17 864.78 13.00 3.00 0 179462 0.0000000 0.0000000
0.348 0.000 0.00 5.30 0.17 865.36 13.00 3.00 0 179562 0.0000000 0.0000000
0.348 0.003 0.00 5.28 0.17 865.75 13.00 3.00 0 179662 0.0000000 0.0000000
0.348 0.003 0.00 5.26 0.17 866.32 13.00 3.00 0 179762 0.0000000 0.0000000
0.348 0.000 0.00 5.24 0.17 866.90 13.00 3.00 0 179862 0.0000000 0.0000000
0.348 0.000 0.00 5.21 0.17 867.48 13.00 3.00 0 179962 0.0000000 0.0000000
0.348 0.003 0.00 5.20 0.17 867.87 13.00 3.00 0 180062 0.0000000 0.0000000
0.348 0.000 0.00 5.17 0.17 868.45 13.00 3.00 0 180162 0.0000000 0.0000000
0.348 0.003 0.00 5.15 0.17 869.02 13.00 3.00 0 180262 0.0000000 0.0000000
0.348 0.000 0.00 5.13 0.17 869.41 13.00 3.00 0 180362 0.0000000 0.0000000
0.347 0.003 0.00 5.11 0.17 869.99 13.00 3.00 0 180462 0.0000000 0.0000000
0.347 0.003 0.00 5.09 0.17 870.38 13.00 3.00 0 180562 0.0000000 0.0000000
0.347 0.003 0.00 5.07 0.17 870.95 13.00 3.00 0 180662 0.0000000 0.0000000
0.347 0.000 0.00 5.05 0.17 871.53 13.00 3.00 0 180762 0.0000000 0.0000000
0.347 0.000 0.00 5.03 0.17 871.92 13.00 3.00 0 180862 0.0000000 0.0000000
0.347 0.003 0.00 5.01 0.17 872.50 13.00 3.00 0 180962 0.0000000 0.0000000
0.347 0.003 0.00 4.99 0.17 872.88 13.00 3.00 0 181062 0.0000000 0.0000000
0.347 0.003 0.00 4.97 0.17 873.46 13.00 3.00 0 181162 0.0000000 0.0000000
0.347 0.003 0.00 4.95 0.17 874.04 13.00 3.00 0 181262 0.0000000 0.0000000
0.345 0.003 0.00 4.93 0.17 874.43 13.00 3.00 0 181362 0.0000000 0.0000000
0.347 0.003 0.00 4.91 0.17 875.00 13.00 3.00 0 181462 0.0000000 0.0000000
0.347 0.003 0.00 4.89 0.17 875.39 13.00 3.00 0 181562 0.0000000 0.0000000
0.345 0.003 0.00 4.86 0.17 875.97 13.00 3.00 0 181662 0.0000000 0.0000000
0.345 0.003 0.00 4.85 0.17 876.36 13.00 3.00 0 181762 0.0000000 0.0000000
0.345 0.000 0.00 4.82 0.17 876.93 13.00 3.00 0 181862 0.0000000 0.0000000
0.345 0.003 0.00 4.80 0.17 877.32 13.00 3.00 0 181962 0.0000000 0.0000000
0.345 0.000 0.00 4.78 0.17 877.90 13.00 3.00 0 182062 0.0000000 0.0000000
0.345 0.003 0.00 4.76 0.17 878.28 13.00 3.00 0 182162 0.0000000 0.0000000
0.344 0.003 0.00 4.75 0.17 878.67 13.00 3.00 0 182262 0.0000000 0.0000000
0.344 0.000 0.00 4.73 0.17 879.25 13.00 3.00 0 182362 0.0000000 0.0000000
0.345 0.000 0.00 4.71 0.17 879.63 13.00 3.00 0 182462 0.0000000 0.0000000
0.344 0.003 0.00 4.68 0.17 880.21 13.00 3.00 0 182562 0.0000000 0.0000000
0.344 0.003 0.00 4.67 0.17 880.60 13.00 3.00 0 182662 0.0000000 0.0000000
0.344 0.003 0.00 4.64 0.17 881.18 13.00 3.00 0 182762 0.0000000 0.0000000
0.344 0.003 0.00 4.63 0.17 881.56 13.00 3.00 0 182862 0.0000000 0.0000000
0.344 0.003 0.00 4.61 0.17 881.95 13.00 3.00 0 182962 0.0000000 0.0000000
0.343 0.000 0.00 4.59 0.17 882.53 13.00 3.00 0 183062 0.0000000 0.0000000
0.344 0.003 0.00 4.57 0.17 882.91 13.00 3.00 0 183162 0.0000000 0.0000000
0.343 0.000 0.00 4.55 0.17 883.30 13.00 3.00 0 183262 0.0000000 0.0000000
0.343 0.003 0.00 4.53 0.17 883.88 13.00 3.00 0 183362 0.0000000 0.0000000
0.343 0.000 0.00 4.51 0.17 884.26 13.00 3.00 0 183462 0.0000000 0.0000000
0.343 0.003 0.00 4.50 0.17 884.65 13.00 3.00 0 183562 0.0000000 0.0000000
0.342 0.000 0.00 4.47 0.17 885.23 13.00 3.00 0 183662 0.0000000 0.0000000
0.343 0.003 0.00 4.45 0.17 885.61 13.00 3.00 0 183762 0.0000000 0.0000000
0.343 0.003 0.00 4.44 0.17 886.00 13.00 3.00 0 183862 0.0000000 0.0000000
0.342 0.003 0.00 4.41 0.17 886.58 13.00 3.00 0 183962 0.0000000 0.0000000
0.342 0.003 0.00 4.39 0.17 886.96 13.00 3.00 0 184062 0.0000000 0.0000000
0.342 0.000 0.00 4.38 0.17 887.35 13.00 3.00 0 184162 0.0000000 0.0000000
0.342 0.003 0.00 4.36 0.17 887.74 13.00 3.00 0 184262 0.0000000 0.0000000
0.343 0.000 0.00 4.34 0.17 888.12 13.00 3.00 0 184362 0.0000000 0.0000000
0.342 0.003 0.00 4.32 0.17 888.70 13.00 3.00 0 184462 0.0000000 0.0000000
0.342 0.003 0.00 4.30 0.17 889.09 13.00 3.00 0 184562 0.0000000 0.0000000
0.340 0.003 0.00 4.28 0.17 889.47 13.00 3.00 0 184662 0.0000000 0.0000000
0.342 0.003 0.00 4.26 0.17 889.86 13.00 3.00 0 184762 0.0000000 0.0000000
0.340 0.003 0.00 4.24 0.17 890.44 13.00 3.00 0 184862 0.0000000 0.0000000
0.340 0.000 0.00 4.22 0.17 890.82 13.00 3.00 0 184962 0.0000000 0.0000000
0.340 0.000 0.00 4.21 0.17 891.21 13.00 3.00 0 185062 0.0000000 0.0000000
0.340 0.003 0.00 4.19 0.17 891.59 13.00 3.00 0 185162 0.0000000 0.0000000
0.340 0.003 0.00 4.17 0.17 891.98 13.00 3.00 0 185262 0.0000000 0.0000000
0.340 0.003 0.00 4.15 0.17 892.37 13.00 3.00 0 185362 0.0000000 0.0000000
0.340 0.000 0.00 4.14 0.17 892.75 13.00 3.00 0 185462 0.0000000 0.0000000
0.340 0.003 0.00 4.11 0.17 893.33 13.00 3.00 0 185562 0.0000000 0.0000000
0.340 0.003 0.00 4.10 0.17 893.72 13.00 3.00 0 185662 0.0000000 0.0000000
0.339 0.000 0.00 4.08 0.17 894.10 13.00 3.00 0 185762 0.0000000 0.0000000
0.339 0.003 0.00 4.06 0.17 894.49 13.00 3.00 0 185862 0.0000000 0.0000000
0.339 0.000 0.00 4.04 0.17 894.87 13.00 3.00 0 185962 0.0000000 0.0000000
0.339 0.000 0.00 4.03 0.17 895.26 13.00 3.00 0 186062 0.0000000 0.0000000
0.339 0.000 0.00 4.01 0.17 895.65 13.00 3.00 0 186162 0.0000000 0.0000000
0.339 0.000 0.00 3.99 0.17 896.03 13.00 3.00 0 186262 0.0000000 0.0000000
0.339 0.003 0.00 3.97 0.17 896.42 13.00 3.00 0 186362 0.0000000 0.0000000
0.339 0.003 0.00 3.95 0.17 896.80 13.00 3.00 0 186462 0.0000000 0.0000000
0.339 0.003 0.00 3.93 0.17 897.19 13.00 3.00 0 186562 0.0000000 0.0000000
0.338 0.003 0.00 3.91 0.17 897.57 13.00 3.00 0 186662 0.0000000 0.0000000
0.338 0.000 0.00 3.89 0.17 897.96 13.00 3.00 0 186762 0.0000000 0.0000000
0.338 0.003 0.00 3.88 0.17 898.35 13.00 3.00 0 186862 0.0000000 0.0000000
0.338 0.000 0.00 3.86 0.17 898.73 13.00 3.00 0 186962 0.0000000 0.0000000
0.338 0.003 0.00 3.84 0.17 899.12 13.00 3.00 0 187062 0.0000000 0.0000000
0.338 0.003 0.00 3.82 0.17 899.50 13.00 3.00 0 187162 0.0000000 0.0000000
0.338 0.000 0.00 3.80 0.17 899.89 13.00 3.00 0 187262 0.0000000 0.0000000
0.338 0.003 0.00 3.78 0.17 900.27 13.00 3.00 0 187362 0.0000000 0.0000000
0.337 0.000 0.00 3.77 0.17 900.66 13.00 3.00 0 187462 0.0000000 0.0000000
0.338 0.000 0.00 3.75 0.17 901.05 13.00 3.00 0 187562 0.0000000 0.0000000
0.337 0.003 0.00 3.73 0.17 901.43 13.00 3.00 0 187662 0.0000000 0.0000000
0.338 0.003 0.00 3.71 0.17 901.82 13.00 3.00 0 187762 0.0000000 0.0000000
0.338 0.003 0.00 3.69 0.17 902.20 13.00 3.00 0 187862 0.0000000 0.0000000
0.337 0.000 0.00 3.68 0.17 902.40 13.00 3.00 0 187962 0.0000000 0.0000000
0.337 0.003 0.00 3.67 0.17 902.78 13.00 3.00 0 188062 0.0000000 0.0000000
0.337 0.003 0.00 3.65 0.17 903.17 13.00 3.00 0 188162 0.0000000 0.0000000
0.337 0.003 0.00 3.63 0.17 903.55 13.00 3.00 0 188262 0.0000000 0.0000000
0.337 0.000 0.00 3.61 0.17 903.94 13.00 3.00 0 188362 0.0000000 0.0000000
0.337 0.003 0.00 3.59 0.17 904.33 13.00 3.00 0 188462 0.0000000 0.0000000
0.337 0.000 0.00 3.57 0.17 904.71 13.00 3.00 0 188562 0.0000000 0.0000000
0.335 0.003 0.00 3.56 0.17 904.90 13.00 3.00 0 188662 0.0000000 0.0000000
0.335 0.003 0.00 3.55 0.17 905.29 13.00 3.00 0 188762 0.0000000 0.0000000
0.335 0.003 0.00 3.53 0.17 905.68 13.00 3.00 0 188862 0.0000000 0.0000000
0.335 0.003 0.00 3.51 0.17 906.06 13.00 3.00 0 188962 0.0000000 0.0000000
0.335 0.003 0.00 3.49 0.17 906.45 13.00 3.00 0 189062 0.0000000 0.0000000
0.335 0.003 0.00 3.48 0.17 906.64 13.00 3.00 0 189162 0.0000000 0.0000000
0.335 0.003 0.00 3.46 0.17 907.03 13.00 3.00 0 189262 0.0000000 0.0000000
0.334 0.003 0.00 3.44 0.17 907.41 13.00 3.00 0 189362 0.0000000 0.0000000
0.334 0.003 0.00 3.42 0.17 907.80 13.00 3.00 0 189462 0.0000000 0.0000000
0.334 0.003 0.00 3.40 0.17 908.18 13.00 3.00 0 189562 0.0000000 0.0000000
0.334 0.000 0.00 3.39 0.17 908.38 13.00 3.00 0 189662 0.0000000 0.0000000
0.334 0.000 0.00 3.37 0.17 908.76 13.00 3.00 0 189762 0.0000000 0.0000000
0.334 0.003 0.00 3.35 0.17 909.15 13.00 3.00 0 189862 0.0000000 0.0000000
0.334 0.003 0.00 3.34 0.17 909.34 13.00 3.00 0 189962 0.0000000 0.0000000
0.334 0.003 0.00 3.32 0.17 909.73 13.00 3.00 0 190062 0.0000000 0.0000000
0.334 0.000 0.00 3.30 0.17 910.11 13.00 3.00 0 190162 0.0000000 0.0000000
0.333 0.000 0.00 3.29 0.17 910.31 13.00 3.00 0 190262 0.0000000 0.0000000
0.333 0.003 0.00 3.27 0.17 910.69 13.00 3.00 0 190362 0.0000000 0.0000000
0.333 0.003 0.00 3.25 0.17 911.08 13.00 3.00 0 190462 0.0000000 0.0000000
0.334 0.003 0.00 3.24 0.17 911.27 13.00 3.00 0 190562 0.0000000 0.0000000
0.333 0.000 0.00 3.22 0.17 911.66 13.00 3.00 0 190662 0.0000000 0.0000000
0.333 0.003 0.00 3.20 0.17 912.04 13.00 3.00 0 190762 0.0000000 0.0000000
0.333 0.000 0.00 3.19 0.17 912.23 13.00 3.00 0 190862 0.0000000 0.0000000
0.333 0.003 0.00 3.17 0.17 912.62 13.00 3.00 0 190962 0.0000000 0.0000000
0.333 0.003 0.00 3.15 0.17 913.01 13.00 3.00 0 191062 0.0000000 0.0000000
0.333 0.003 0.00 3.14 0.17 913.20 13.00 3.00 0 191162 0.0000000 0.0000000
0.333 0.000 0.00 3.12 0.17 913.59 13.00 3.00 0 191262 0.0000000 0.0000000
0.333 0.003 0.00 3.11 0.17 913.78 13.00 3.00 0 191362 0.0000000 0.0000000
0.332 0.003 0.00 3.09 0.17 914.16 13.00 3.00 0 191462 0.0000000 0.0000000
0.333 0.000 0.00 3.07 0.17 914.55 13.00 3.00 0 191562 0.0000000 0.0000000
0.332 0.003 0.00 3.06 0.17 914.74 13.00 3.00 0 191662 0.0000000 0.0000000
0.332 0.003 0.00 3.04 0.17 915.13 13.00 3.00 0 191762 0.0000000 0.0000000
0.332 0.003 0.00 3.03 0.17 915.32 13.00 3.00 0 191862 0.0000000 0.0000000
0.332 0.003 0.00 3.01 0.17 915.71 13.00 3.00 0 191962 0.0000000 0.0000000
0.332 0.003 0.00 3.00 0.17 915.90 13.00 3.00 0 192062 0.0000000 0.0000000
0.332 0.003 0.00 2.98 0.17 916.29 13.00 3.00 0 192162 0.0000000 0.0000000
0.332 0.000 0.00 2.97 0.17 916.48 13.00 3.00 0 192262 0.0000000 0.0000000
0.330 0.003 0.00 2.95 0.17 916.86 13.00 3.00 0 192362 0.0000000 0.0000000
0.330 0.003 0.00 2.93 0.17 917.06 13.00 3.00 0 192462 0.0000000 0.0000000
0.330 0.003 0.00 2.91 0.17 917.44 13.00 3.00 0 192562 0.0000000 0.0000000
0.332 0.000 0.00 2.90 0.17 917.64 13.00 3.00 0 192662 0.0000000 0.0000000
0.330 0.000 0.00 2.88 0.17 918.02 13.00 3.00 0 192762 0.0000000 0.0000000
0.330 0.000 0.00 2.87 0.17 918.21 13.00 3.00 0 192862 0.0000000 0.0000000
0.330 0.003 0.00 2.84 0.17 918.60 13.00 3.00 0 192962 0.0000000 0.0000000
0.330 0.003 0.00 2.83 0.17 918.79 13.00 3.00 0 193062 0.0000000 0.0000000
0.330 0.000 0.00 2.81 0.17 919.18 13.00 3.00 0 193162 0.0000000 0.0000000
0.329 0.000 0.00 2.80 0.17 919.37 13.00 3.00 0 193262 0.0000000 0.0000000
0.330 0.003 0.00 2.78 0.17 919.57 13.00 3.00 0 193362 0.0000000 0.0000000
0.329 0.000 0.00 2.76 0.17 919.95 13.00 3.00 0 193462 0.0000000 0.0000000
0.329 0.003 0.00 2.75 0.17 920.14 13.00 3.00 0 193562 0.0000000 0.0000000
0.329 0.003 0.00 2.73 0.17 920.53 13.00 3.00 0 193662 0.0000000 0.0000000
0.329 0.003 0.00 2.72 0.17 920.72 13.00 3.00 0 193762 0.0000000 0.0000000
0.329 0.003 0.00 2.70 0.17 920.92 13.00 3.00 0 193862 0.0000000 0.0000000
0.329 0.003 0.00 2.68 0.17 921.30 13.00 3.00 0 193962 0.0000000 0.0000000
0.328 0.000 0.00 2.67 0.17 921.49 13.00 3.00 0 194062 0.0000000 0.0000000
0.328 0.003 0.00 2.65 0.17 921.88 13.00 3.00 0 194162 0.0000000 0.0000000
0.328 0.003 0.00 2.64 0.17 922.07 13.00 3.00 0 194262 0.0000000 0.0000000
0.328 0.003 0.00 2.63 0.17 922.27 13.00 3.00 0 194362 0.0000000 0.0000000
0.328 0.000 0.00 2.60 0.17 922.65 13.00 3.00 0 194462 0.0000000 0.0000000
0.328 0.003 0.00 2.59 0.17 922.84 13.00 3.00 0 194562 0.0000000 0.0000000
0.328 0.003 0.00 2.58 0.17 923.04 13.00 3.00 0 194662 0.0000000 0.0000000
0.328 0.000 0.00 2.57 0.17 923.23 13.00 3.00 0 194762 0.0000000 0.0000000
0.328 0.003 0.00 2.55 0.17 923.62 13.00 3.00 0 194862 0.0000000 0.0000000
0.328 0.000 0.00 2.54 0.17 923.81 13.00 3.00 0 194962 0.0000000 0.0000000
0.327 0.003 0.00 2.53 0.17 924.00 13.00 3.00 0 195062 0.0000000 0.0000000
0.327 0.003 0.00 2.50 0.18 924.39 13.00 3.00 0 195162 0.0000000 0.0000000
0.327 0.003 0.00 2.49 0.18 924.58 13.00 3.00 0 195262 0.0000000 0.0000000
0.327 0.003 0.00 2.48 0.18 924.77 13.00 3.00 0 195362 0.0000000 0.0000000
0.327 0.003 0.00 2.47 0.18 924.97 13.00 3.00 0 195462 0.0000000 0.0000000
0.327 0.003 0.00 2.45 0.18 925.35 13.00 3.00 0 195562 0.0000000 0.0000000
0.327 0.003 0.00 2.43 0.18 925.55 13.00 3.00 0 195662 0.0000000 0.0000000
0.327 0.003 0.00 2.42 0.18 925.74 13.00 3.00 0 195762 0.0000000 0.0000000
0.325 0.000 0.00 2.41 0.18 925.93 13.00 3.00 0 195862 0.0000000 0.0000000
0.325 0.003 0.00 2.39 0.18 926.32 13.00 3.00 0 195962 0.0000000 0.0000000
0.325 0.000 0.00 2.38 0.18 926.51 13.00 3.00 0 196062 0.0000000 0.0000000
0.327 0.003 0.00 2.36 0.18 926.70 13.00 3.00 0 196162 0.0000000 0.0000000
0.325 0.003 0.00 2.35 0.18 926.90 13.00 3.00 0 196262 0.0000000 0.0000000
0.325 0.003 0.00 2.34 0.18 927.09 13.00 3.00 0 196362 0.0000000 0.0000000
0.325 0.000 0.00 2.32 0.18 927.47 13.00 3.00 0 196462 0.0000000 0.0000000
0.325 0.003 0.00 2.30 0.18 927.67 13.00 3.00 0 196562 0.0000000 0.0000000
0.325 0.003 0.00 2.29 0.18 927.86 13.00 3.00 0 196662 0.0000000 0.0000000
0.325 0.003 0.00 2.28 0.18 928.05 13.00 3.00 0 196762 0.0000000 0.0000000
0.325 0.000 0.00 2.27 0.18 928.25 13.00 3.00 0 196862 0.0000000 0.0000000
0.324 0.003 0.00 2.25 0.18 928.44 13.00 3.00 0 196962 0.0000000 0.0000000
0.324 0.003 0.00 2.24 0.18 928.63 13.00 3.00 0 197062 0.0000000 0.0000000
0.324 0.003 0.00 2.22 0.18 929.02 13.00 3.00 0 197162 0.0000000 0.0000000
0.324 0.003 0.00 2.20 0.18 929.21 13.00 3.00 0 197262 0.0000000 0.0000000
0.324 0.000 0.00 2.19 0.18 929.40 13.00 3.00 0 197362 0.0000000 0.0000000
0.324 0.000 0.00 2.18 0.18 929.60 13.00 3.00 0 197462 0.0000000 0.0000000
0.324 0.003 0.00 2.16 0.18 929.79 13.00 3.00 0 197562 0.0000000 0.0000000
0.324 0.003 0.00 2.15 0.18 929.98 13.00 3.00 0 197662 0.0000000 0.0000000
0.324 0.000 0.00 2.14 0.18 930.17 13.00 3.00 0 197762 0.0000000 0.0000000
0.323 0.000 0.00 2.13 0.18 930.37 13.00 3.00 0 197862 0.0000000 0.0000000
0.323 0.003 0.00 2.11 0.18 930.56 13.00 3.00 0 197962 0.0000000 0.0000000
0.324 0.000 0.00 2.10 0.18 930.75 13.00 3.00 0 198062 0.0000000 0.0000000
0.323 0.000 0.00 2.09 0.18 930.95 13.00 3.00 0 198162 0.0000000 0.0000000
0.323 0.003 0.00 2.08 0.18 931.14 13.00 3.00 0 198262 0.0000000 0.0000000
0.323 0.003 0.00 2.06 0.18 931.33 13.00 3.00 0 198362 0.0000000 0.0000000
0.323 0.003 0.00 2.03 0.18 931.72 13.00 3.00 0 198462 0.0000000 0.0000000
0.323 0.003 0.00 2.02 0.18 931.91 13.00 3.00 0 198562 0.0000000 0.0000000
0.322 0.000 0.00 2.00 0.18 932.10 13.00 3.00 0 198662 0.0000000 0.0000000
0.323 0.003 0.00 1.99 0.18 932.30 13.00 3.00 0 198762 0.0000000 0.0000000
0.323 0.000 0.00 1.98 0.18 932.49 13.00 3.00 0 198862 0.0000000 0.0000000
0.323 0.003 0.00 1.96 0.18 932.68 13.00 3.00 0 198962 0.0000000 0.0000000
0.322 0.000 0.00 1.95 0.18 932.88 13.00 3.00 0 199062 0.0000000 0.0000000
0.322 0.003 0.00 1.94 0.18 933.07 13.00 3.00 0 199162 0.0000000 0.0000000
0.322 0.003 0.00 1.92 0.18 933.26 13.00 3.00 0 199262 0.0000000 0.0000000
0.322 0.000 0.00 1.92 0.18 933.26 13.00 3.00 0 199362 0.0000000 0.0000000
0.322 0.000 0.00 1.91 0.18 933.45 13.00 3.00 0 199462 0.0000000 0.0000000
0.322 0.003 0.00 1.90 0.18 933.65 13.00 3.00 0 199562 0.0000000 0.0000000
0.322 0.003 0.00 1.88 0.18 933.84 13.00 3.00 0 199662 0.0000000 0.0000000
0.320 0.003 0.00 1.87 0.18 934.03 13.00 3.00 0 199762 0.0000000 0.0000000
0.320 0.003 0.00 1.86 0.18 934.23 13.00 3.00 0 199862 0.0000000 0.0000000
0.320 0.003 0.00 1.84 0.18 934.42 13.00 3.00 0 199962 0.0000000 0.0000000
0.320 0.000 0.00 1.83 0.18 934.61 13.00 3.00 0 200062 0.0000000 0.0000000
0.320 0.003 0.00 1.81 0.18 934.80 13.00 3.00 0 200162 0.0000000 0.0000000
0.320 0.003 0.00 1.80 0.18 935.00 13.00 3.00 0 200262 0.0000000 0.0000000
0.320 0.000 0.00 1.78 0.18 935.19 13.00 3.00 0 200362 0.0000000 0.0000000
0.320 0.003 0.00 1.77 0.18 935.38 13.00 3.00 0 200462 0.0000000 0.0000000
0.320 0.000 0.00 1.75 0.18 935.58 13.00 3.00 0 200562 0.0000000 0.0000000
0.320 0.003 0.00 1.75 0.18 935.58 13.00 3.00 0 200662 0.0000000 0.0000000
0.319 0.003 0.00 1.74 0.18 935.77 13.00 3.00 0 200762 0.0000000 0.0000000
0.320 0.003 0.00 1.73 0.18 935.96 13.00 3.00 0 200862 0.0000000 0.0000000
0.320 0.003 0.00 1.71 0.18 936.15 13.00 3.00 0 200962 0.0000000 0.0000000
0.319 0.000 0.00 1.70 0.18 936.35 13.00 3.00 0 201062 0.0000000 0.0000000
0.319 0.003 0.00 1.68 0.18 936.54 13.00 3.00 0 201162 0.0000000 0.0000000
0.319 0.003 0.00 1.67 0.18 936.73 13.00 3.00 0 201262 0.0000000 0.0000000
0.319 0.003 0.00 1.67 0.18 936.73 13.00 3.00 0 201362 0.0000000 0.0000000
0.319 0.000 0.00 1.65 0.18 936.93 13.00 3.00 0 201462 0.0000000 0.0000000
0.319 0.000 0.00 1.64 0.18 937.12 13.00 3.00 0 201562 0.0000000 0.0000000
0.318 0.000 0.00 1.62 0.18 937.31 13.00 3.00 0 201662 0.0000000 0.0000000
0.318 0.000 0.00 1.60 0.18 937.51 13.00 3.00 0 201762 0.0000000 0.0000000
0.319 0.003 0.00 1.60 0.18 937.51 13.00 3.00 0 201862 0.0000000 0.0000000
0.318 0.000 0.00 1.59 0.18 937.70 13.00 3.00 0 201962 0.0000000 0.0000000
0.318 0.000 0.00 1.57 0.18 937.89 13.00 3.00 0 202062 0.0000000 0.0000000
0.318 0.003 0.00 1.56 0.18 938.08 13.00 3.00 0 202162 0.0000000 0.0000000
0.318 0.000 0.00 1.56 0.18 938.08 13.00 3.00 0 202262 0.0000000 0.0000000
0.318 0.003 0.00 1.54 0.18 938.28 13.00 3.00 0 202362 0.0000000 0.0000000
0.317 0.003 0.00 1.52 0.18 938.47 13.00 3.00 0 202462 0.0000000 0.0000000
0.318 0.000 0.00 1.51 0.18 938.66 13.00 3.00 0 202562 0.0000000 0.0000000
0.317 0.000 0.00 1.49 0.18 938.86 13.00 3.00 0 202662 0.0000000 0.0000000
0.317 0.000 0.00 1.49 0.18 938.86 13.00 3.00 0 202762 0.0000000 0.0000000
0.317 0.003 0.00 1.47 0.18 939.05 13.00 3.00 0 202862 0.0000000 0.0000000
0.317 0.003 0.00 1.45 0.18 939.24 13.00 3.00 0 202962 0.0000000 0.0000000
0.317 0.003 0.00 1.45 0.18 939.24 13.00 3.00 0 203062 0.0000000 0.0000000
0.317 0.003 0.00 1.44 0.18 939.43 13.00 3.00 0 203162 0.0000000 0.0000000
0.317 0.003 0.00 1.42 0.18 939.63 13.00 3.00 0 203262 0.0000000 0.0000000
0.317 0.003 0.00 1.42 0.18 939.63 13.00 3.00 0 203362 0.0000000 0.0000000
0.317 0.003 0.00 1.40 0.18 939.82 13.00 3.00 0 203462 0.0000000 0.0000000
0.315 0.003 0.00 1.38 0.18 940.01 13.00 3.00 0 203562 0.0000000 0.0000000
0.315 0.000 0.00 1.36 0.18 940.21 13.00 3.00 0 203662 0.0000000 0.0000000
0.315 0.003 0.00 1.36 0.18 940.21 13.00 3.00 0 203762 0.0000000 0.0000000
0.315 0.003 0.00 1.34 0.18 940.40 13.00 3.00 0 203862 0.0000000 0.0000000
0.315 0.003 0.00 1.34 0.18 940.40 13.00 3.00 0 203962 0.0000000 0.0000000
0.315 0.003 0.00 1.32 0.18 940.59 13.00 3.00 0 204062 0.0000000 0.0000000
0.315 0.003 0.00 1.30 0.18 940.78 13.00 3.00 0 204162 0.0000000 0.0000000
0.315 0.003 0.00 1.30 0.18 940.78 13.00 3.00 0 204262 0.0000000 0.0000000
0.314 0.003 0.00 1.28 0.18 940.98 13.00 3.00 0 204362 0.0000000 0.0000000
0.315 0.000 0.00 1.26 0.18 941.17 13.00 3.00 0 204462 0.0000000 0.0000000
0.315 0.000 0.00 1.26 0.18 941.17 13.00 3.00 0 204562 0.0000000 0.0000000
0.315 0.003 0.00 1.24 0.18 941.36 13.00 3.00 0 204662 0.0000000 0.0000000
0.314 0.000 0.00 1.24 0.18 941.36 13.00 3.00 0 204762 0.0000000 0.0000000
0.314 0.003 0.00 1.22 0.18 941.56 13.00 3.00 0 204862 0.0000000 0.0000000
0.314 0.000 0.00 1.20 0.18 941.75 13.00 3.00 0 204962 0.0000000 0.0000000
0.314 0.003 0.00 1.20 0.18 941.75 13.00 3.00 0 205062 0.0000000 0.0000000
0.314 0.000 0.00 1.18 0.18 941.94 13.00 3.00 0 205162 0.0000000 0.0000000
0.314 0.003 0.00 1.18 0.18 941.94 13.00 3.00 0 205262 0.0000000 0.0000000
0.313 0.003 0.00 1.16 0.18 942.13 13.00 3.00 0 205362 0.0000000 0.0000000
0.314 0.000 0.00 1.16 0.18 942.13 13.00 3.00 0 205462 0.0000000 0.0000000
0.313 0.003 0.00 1.13 0.18 942.33 13.00 3.00 0 205562 0.0000000 0.0000000
0.313 0.003 0.00 1.13 0.18 942.33 13.00 3.00 0 205662 0.0000000 0.0000000
0.313 0.003 0.00 1.11 0.18 942.52 13.00 3.00 0 205762 0.0000000 0.0000000
0.313 0.000 0.00 1.11 0.18 942.52 13.00 3.00 0 205862 0.0000000 0.0000000
0.313 0.000 0.00 1.09 0.18 942.71 13.00 3.00 0 205962 0.0000000 0.0000000
0.313 0.003 0.00 1.07 0.18 942.91 13.00 3.00 0 206062 0.0000000 0.0000000
0.313 0.003 0.00 1.07 0.18 942.91 13.00 3.00 0 206162 0.0000000 0.0000000
0.313 0.003 0.00 1.04 0.18 943.10 13.00 3.00 0 206262 0.0000000 0.0000000
0.313 0.003 0.00 1.04 0.18 943.10 13.00 3.00 0 206362 0.0000000 0.0000000
0.312 0.003 0.00 1.02 0.18 943.29 13.00 3.00 0 206462 0.0000000 0.0000000
0.312 0.000 0.00 1.02 0.18 943.29 13.00 3.00 0 206562 0.0000000 0.0000000
0.312 0.003 0.00 1.02 0.18 943.29 13.00 3.00 0 206662 0.0000000 0.0000000
0.312 0.003 0.00 0.99 0.18 943.49 13.00 3.00 0 206762 0.0000000 0.0000000
0.313 0.003 0.00 0.99 0.18 943.49 13.00 3.00 0 206862 0.0000000 0.0000000
0.312 0.003 0.00 0.97 0.18 943.68 13.00 3.00 0 206962 0.0000000 0.0000000
0.312 0.003 0.00 0.97 0.18 943.68 13.00 3.00 0 207062 0.0000000 0.0000000
0.312 0.003 0.00 0.94 0.18 943.87 13.00 3.00 0 207162 0.0000000 0.0000000
0.312 0.000 0.00 0.94 0.18 943.87 13.00 3.00 0 207262 0.0000000 0.0000000
0.312 0.000 0.00 0.92 0.18 944.06 13.00 3.00 0 207362 0.0000000 0.0000000
0.310 0.003 0.00 0.92 0.18 944.06 13.00 3.00 0 207462 0.0000000 0.0000000
0.312 0.000 0.00 0.92 0.18 944.06 13.00 3.00 0 207562 0.0000000 0.0000000
0.312 0.003 0.00 0.89 0.18 944.26 13.00 3.00 0 207662 0.0000000 0.0000000
0.310 0.000 0.00 0.89 0.18 944.26 13.00 3.00 0 207762 0.0000000 0.0000000
0.310 0.000 0.00 0.86 0.18 944.45 13.00 3.00 0 207862 0.0000000 0.0000000
0.310 0.000 0.00 0.86 0.18 944.45 13.00 3.00 0 207962 0.0000000 0.0000000
0.310 0.000 0.00 0.86 0.18 944.45 13.00 3.00 0 208062 0.0000000 0.0000000
0.310 0.000 0.00 0.83 0.18 944.64 13.00 3.00 0 208162 0.0000000 0.0000000
0.310 0.000 0.00 0.83 0.18 944.64 13.00 3.00 0 208262 0.0000000 0.0000000
0.310 0.003 0.00 0.83 0.18 944.64 13.00 3.00 0 208362 0.0000000 0.0000000
0.310 0.000 0.00 0.80 0.18 944.84 13.00 3.00 0 208462 0.0000000 0.0000000
0.310 0.003 0.00 0.80 0.18 944.84 13.00 3.00 0 208562 0.0000000 0.0000000
0.309 0.003 0.00 0.80 0.18 944.84 13.00 3.00 0 208662 0.0000000 0.0000000
0.309 0.000 0.00 0.77 0.18 945.03 13.00 3.00 0 208762 0.0000000 0.0000000
0.309 0.000 0.00 0.77 0.18 945.03 13.00 3.00 0 208862 0.0000000 0.0000000
0.309 0.003 0.00 0.77 0.18 945.03 13.00 3.00 0 208962 0.0000000 0.0000000
0.309 0.003 0.00 0.73 0.18 945.22 13.00 3.00 0 209062 0.0000000 0.0000000
0.309 0.000 0.00 0.73 0.18 945.22 13.00 3.00 0 209162 0.0000000 0.0000000
0.309 0.003 0.00 0.73 0.18 945.22 13.00 3.00 0 209262 0.0000000 0.0000000
0.309 0.003 0.00 0.69 0.18 945.41 13.00 3.00 0 209362 0.0000000 0.0000000
0.309 0.003 0.00 0.69 0.18 945.41 13.00 3.00 0 209462 0.0000000 0.0000000
0.309 0.003 0.00 0.69 0.18 945.41 13.00 3.00 0 209562 0.0000000 0.0000000
0.308 0.000 0.00 0.69 0.18 945.41 13.00 3.00 0 209662 0.0000000 0.0000000
0.308 0.000 0.00 0.65 0.18 945.61 13.00 3.00 0 209762 0.0000000 0.0000000
0.308 0.003 0.00 0.65 0.18 945.61 13.00 3.00 0 209862 0.0000000 0.0000000
0.308 0.003 0.00 0.65 0.18 945.61 13.00 3.00 0 209962 0.0000000 0.0000000
0.308 0.000 0.00 0.65 0.18 945.61 13.00 3.00 0 210062 0.0000000 0.0000000
0.308 0.003 0.00 0.62 0.18 945.80 13.00 3.00 0 210162 0.0000000 0.0000000
0.307 0.003 0.00 0.62 0.18 945.80 13.00 3.00 0 210262 0.0000000 0.0000000
0.308 0.003 0.00 0.62 0.18 945.80 13.00 3.00 0 210362 0.0000000 0.0000000
0.308 0.000 0.00 0.62 0.18 945.80 13.00 3.00 0 210462 0.0000000 0.0000000
0.308 0.003 0.00 0.58 0.18 945.99 13.00 3.00 0 210562 0.0000000 0.0000000
0.308 0.000 0.00 0.58 0.18 945.99 13.00 3.00 0 210662 0.0000000 0.0000000
0.308 0.003 0.00 0.58 0.18 945.99 13.00 3.00 0 210762 0.0000000 0.0000000
0.307 0.000 0.00 0.58 0.18 945.99 13.00 3.00 0 210862 0.0000000 0.0000000
0.307 0.000 0.00 0.58 0.18 945.99 13.00 3.00 0 210962 0.0000000 0.0000000
0.307 0.003 0.00 0.53 0.18 946.19 13.00 3.00 0 211062 0.0000000 0.0000000
0.307 0.003 0.00 0.53 0.18 946.19 13.00 3.00 0 211162 0.0000000 0.0000000
0.307 0.003 0.00 0.53 0.18 946.19 13.00 3.00 0 211262 0.0000000 0.0000000
0.307 0.003 0.00 0.53 0.18 946.19 13.00 3.00 0 211362 0.0000000 0.0000000
0.307 0.003 0.00 0.53 0.18 946.19 13.00 3.00 0 211462 0.0000000 0.0000000
0.307 0.000 0.00 0.53 0.18 946.19 13.00 3.00 0 211562 0.0000000 0.0000000
0.307 0.003 0.00 0.53 0.18 946.19 13.00 3.00 0 211662 0.0000000 0.0000000
0.305 0.003 0.00 0.46 0.18 946.38 13.00 3.00 0 211762 0.0000000 0.0000000
0.305 0.000 0.00 0.46 0.18 946.38 13.00 3.00 0 211862 0.0000000 0.0000000
0.305 0.000 0.00 0.46 0.18 946.38 13.00 3.00 0 211962 0.0000000 0.0000000
0.305 0.003 0.00 0.46 0.18 946.38 13.00 3.00 0 212062 0.0000000 0.0000000
0.305 0.000 0.00 0.46 0.18 946.38 13.00 3.00 0 212162 0.0000000 0.0000000
0.305 0.003 0.00 0.46 0.18 946.38 13.00 3.00 0 212262 0.0000000 0.0000000
0.304 0.000 0.00 0.46 0.18 946.38 13.00 3.00 0 212362 0.0000000 0.0000000
0.305 0.003 0.00 0.46 0.18 946.38 13.00 3.00 0 212462 0.0000000 0.0000000
0.304 0.003 0.00 0.46 0.18 946.38 13.00 3.00 0 212562 0.0000000 0.0000000
0.304 0.003 0.00 0.46 0.18 946.38 13.00 3.00 0 212662 0.0000000 0.0000000
0.305 0.000 0.00 0.46 0.18 946.38 13.00 3.00 0 212762 0.0000000 0.0000000
0.304 0.000 0.00 0.46 0.18 946.38 13.00 3.00 0 212862 0.0000000 0.0000000
0.304 0.000 0.00 0.36 0.18 946.57 13.00 3.00 0 212962 0.0000000 0.0000000
0.304 0.000 0.00 0.36 0.18 946.57 13.00 3.00 0 213062 0.0000000 0.0000000
0.304 0.000 0.00 0.36 0.18 946.57 13.00 3.00 0 213162 0.0000000 0.0000000
0.304 0.000 0.00 0.36 0.18 946.57 13.00 3.00 0 213262 0.0000000 0.0000000
0.303 0.000 0.00 0.36 0.18 946.57 13.00 3.00 0 213362 0.0000000 0.0000000
0.304 0.003 0.00 0.36 0.19 946.57 13.00 3.00 0 213462 0.0000000 0.0000000
0.303 0.003 0.00 0.36 0.19 946.57 13.00 3.00 0 213562 0.0000000 0.0000000
0.303 0.000 0.00 0.36 0.19 946.57 13.00 3.00 0 213662 0.0000000 0.0000000
0.303 0.000 0.00 0.36 0.19 946.57 13.00 3.00 0 213762 0.0000000 0.0000000
0.303 0.003 0.00 0.36 0.19 946.57 13.00 3.00 0 213862 0.0000000 0.0000000
0.303 0.000 0.00 0.36 0.19 946.57 13.00 3.00 0 213962 0.0000000 0.0000000
0.303 0.000 0.00 0.36 0.19 946.57 13.00 3.00 0 214062 0.0000000 0.0000000
0.303 0.000 0.00 0.36 0.19 946.57 13.00 3.00 0 214162 0.0000000 0.0000000
0.303 0.000 0.00 0.36 0.19 946.57 13.00 3.00 0 214262 0.0000000 0.0000000
0.303 0.003 0.00 0.36 0.19 946.57 13.00 3.00 0 214362 0.0000000 0.0000000
0.303 0.000 0.00 0.36 0.19 946.57 13.00 3.00 0 214462 0.0000000 0.0000000
0.302 0.003 0.00 0.36 0.19 946.57 13.00 3.00 0 214562 0.0000000 0.0000000
0.302 0.003 0.00 0.36 0.19 946.57 13.00 3.00 0 214662 0.0000000 0.0000000
0.302 0.000 0.00 0.36 0.19 946.57 13.00 3.00 0 214762 0.0000000 0.0000000
0.302 0.003 0.00 0.36 0.19 946.57 13.00 3.00 0 214862 0.0000000 0.0000000
0.302 0.003 0.00 0.00 0.19 946.57 13.00 3.00 0 214962 0.0000000 0.0000000
0.302 0.003 0.00 0.00 0.19 946.57 13.00 3.00 0 215062 0.0000000 0.0000000
0.302 0.003 0.00 0.00 0.19 946.57 13.00 3.00 0 215162 0.0000000 0.0000000
0.302 0.003 0.00 0.00 0.19 946.57 13.00 3.00 0 215262 0.0000000 0.0000000
0.302 0.000 0.00 0.00 0.19 946.57 13.00 3.00 0 215362 0.0000000 0.0000000
0.300 0.003 0.00 0.00 0.19 946.57 13.00 3.00 0 215462 0.0000000 0.0000000
0.300 0.003 0.00 0.00 0.19 946.57 13.00 3.00 0 215562 0.0000000 0.0000000
0.300 0.003 0.00 0.00 0.19 946.57 13.00 3.00 0 215662 0.0000000 0.0000000
0.300 0.003 0.00 0.00 0.19 946.57 13.00 3.00 0 215762 0.0000000 0.0000000
0.300 0.003 0.00 0.00 0.19 946.57 13.00 3.00 0 215862 0.0000000 0.0000000
0.300 0.003 0.00 0.00 0.19 946.57 13.00 3.00 0 215962 0.0000000 0.0000000
0.300 0.003 0.00 0.00 0.19 946.57 13.00 3.00 0 216062 0.0000000 0.0000000
0.300 0.000 0.00 0.00 0.19 946.57 13.00 3.00 0 216162 0.0000000 0.0000000
0.300 0.003 0.00 0.00 0.19 946.57 13.00 3.00 0 216262 0.0000000 0.0000000
0.299 0.000 0.00 0.00 0.19 946.57 13.00 3.00 0 216362 0.0000000 0.0000000
0.299 0.000 0.00 0.00 0.19 946.57 13.00 3.00 0 216462 0.0000000 0.0000000
0.299 0.003 0.00 0.00 0.19 946.57 13.00 3.00 0 216562 0.0000000 0.0000000
0.299 0.000 0.00 0.00 0.19 946.57 13.00 3.00 0 216662 0.0000000 0.0000000
0.299 0.003 0.00 0.00 0.19 946.57 13.00 3.00 0 216762 0.0000000 0.0000000
0.299 0.003 0.00 0.00 0.19 946.57 13.00 3.00 0 216862 0.0000000 0.0000000
0.299 0.003 0.00 0.00 0.19 946.57 13.00 3.00 0 216962 0.0000000 0.0000000
0.299 0.003 0.00 0.00 0.19 946.57 13.00 3.00 0 217062 0.0000000 0.0000000
0.299 0.000 0.00 0.00 0.19 946.57 13.00 3.00 0 217162 0.0000000 0.0000000
0.299 0.003 0.00 0.00 0.19 946.57 13.00 3.00 0 217262 0.0000000 0.0000000
0.299 0.003 0.00 0.00 0.19 946.57 13.00 3.00 0 217362 0.0000000 0.0000000
0.298 0.003 0.00 0.00 0.19 946.57 13.00 3.00 0 217462 0.0000000 0.0000000
0.298 0.000 0.00 0.00 0.19 946.57 13.00 3.00 0 217562 0.0000000 0.0000000
0.298 0.000 0.00 0.00 0.19 946.57 13.00 3.00 0 217662 0.0000000 0.0000000
0.298 0.003 0.00 0.00 0.19 946.57 13.00 3.00 0 217762 0.0000000 0.0000000
0.298 0.000 0.00 0.00 0.19 946.57 13.00 3.00 0 217862 0.0000000 0.0000000
0.298 0.003 0.00 0.00 0.19 946.57 13.00 3.00 0 217962 0.0000000 0.0000000
0.298 0.003 0.00 0.00 0.19 946.57 13.00 3.00 0 218062 0.0000000 0.0000000
0.298 0.000 0.00 0.00 0.19 946.57 13.00 3.00 0 218162 0.0000000 0.0000000
0.298 0.003 0.00 0.00 0.19 946.57 13.00 3.00 0 218262 0.0000000 0.0000000
0.298 0.003 0.00 0.00 0.19 946.57 13.00 3.00 0 218362 0.0000000 0.0000000
0.298 0.003 0.00 0.00 0.19 946.57 13.00 3.00 0 218462 0.0000000 0.0000000
0.298 0.003 0.00 0.00 0.19 946.57 13.00 3.00 0 218562 0.0000000 0.0000000
0.298 0.003 0.00 0.00 0.19 946.57 13.00 3.00 0 218662 0.0000000 0.0000000
0.297 0.003 0.00 0.00 0.19 946.57 13.00 3.00 0 218762 0.0000000 0.0000000
0.297 0.000 0.00 0.00 0.19 946.57 13.00 3.00 0 218862 0.0000000 0.0000000
0.297 0.003 0.00 0.00 0.19 946.57 13.00 3.00 0 218962 0.0000000 0.0000000
0.297 0.000 0.00 0.00 0.19 946.57 13.00 3.00 0 219062 0.0000000 0.0000000
0.297 0.003 0.00 0.00 0.19 946.57 13.00 3.00 0 219162 0.0000000 0.0000000
0.297 0.000 0.00 0.00 0.19 946.57 13.00 3.00 0 219262 0.0000000 0.0000000
0.297 0.003 0.00 0.00 0.19 946.57 13.00 3.00 0 219362 0.0000000 0.0000000
0.297 0.003 0.00 0.00 0.19 946.57 13.00 3.00 0 219462 0.0000000 0.0000000
0.295 0.003 0.00 0.00 0.19 946.57 13.00 3.00 0 219562 0.0000000 0.0000000
0.297 0.003 0.00 0.00 0.19 946.57 13.00 3.00 0 219662 0.0000000 0.0000000
0.295 0.003 0.00 0.00 0.19 946.57 13.00 3.00 0 219762 0.0000000 0.0000000
0.295 0.003 0.00 0.00 0.19 946.57 13.00 3.00 0 219862 0.0000000 0.0000000
0.295 0.003 0.00 0.00 0.19 946.57 13.00 3.00 0 219962 0.0000000 0.0000000
0.295 0.000 0.00 0.00 0.19 946.57 13.00 3.00 0 220062 0.0000000 0.0000000
0.295 0.003 0.00 0.00 0.19 946.57 13.00 3.00 0 220162 0.0000000 0.0000000
0.295 0.003 0.00 0.00 0.19 946.57 13.00 3.00 0 220262 0.0000000 0.0000000
0.295 0.003 0.00 0.00 0.19 946.57 13.00 3.00 0 220362 0.0000000 0.0000000
0.295 0.000 0.00 0.00 0.19 946.57 13.00 3.00 0 220462 0.0000000 0.0000000
0.295 0.000 0.00 0.00 0.19 946.57 13.00 3.00 0 220562 0.0000000 0.0000000
0.294 0.000 0.00 0.00 0.19 946.57 13.00 3.00 0 220662 0.0000000 0.0000000
0.295 0.000 0.00 0.00 0.19 946.57 13.00 3.00 0 220762 0.0000000 0.0000000
0.294 0.000 0.00 0.00 0.19 946.57 13.00 3.00 0 220862 0.0000000 0.0000000
0.294 0.003 0.00 0.00 0.19 946.57 13.00 3.00 0 220962 0.0000000 0.0000000
0.294 0.000 0.00 0.00 0.19 946.57 13.00 3.00 0 221062 0.0000000 0.0000000
0.294 0.003 0.00 0.00 0.19 946.57 13.00 3.00 0 221162 0.0000000 0.0000000
0.294 0.003 0.00 0.00 0.19 946.57 13.00 3.00 0 221262 0.0000000 0.0000000
0.294 0.003 0.00 0.00 0.19 946.57 13.00 3.00 0 221362 0.0000000 0.0000000
0.294 0.003 0.00 0.00 0.19 946.57 13.00 3.00 0 221462 0.0000000 0.0000000
0.294 0.003 0.00 0.00 0.19 946.57 13.00 3.00 0 221562 0.0000000 0.0000000
0.294 0.003 0.00 0.00 0.19 946.57 13.00 3.00 0 221662 0.0000000 0.0000000
0.293 0.000 0.00 0.00 0.19 946.57 13.00 3.00 0 221762 0.0000000 0.0000000
0.293 0.000 0.00 0.00 0.19 946.57 13.00 3.00 0 221862 0.0000000 0.0000000
0.293 0.003 0.00 0.00 0.19 946.57 13.00 3.00 0 221962 0.0000000 0.0000000
0.293 0.003 0.00 0.00 0.19 946.57 13.00 3.00 0 222062 0.0000000 0.0000000
0.293 0.003 0.00 0.00 0.19 946.57 13.00 3.00 0 222162 0.0000000 0.0000000
0.293 0.000 0.00 0.00 0.19 946.57 13.00 3.00 0 222262 0.0000000 0.0000000
0.293 0.003 0.00 0.00 0.19 946.57 13.00 3.00 0 222362 0.0000000 0.0000000
0.293 0.000 0.00 0.00 0.19 946.57 13.00 3.00 0 222462 0.0000000 0.0000000
0.293 0.000 0.00 0.00 0.19 946.57 13.00 3.00 0 222562 0.0000000 0.0000000
0.293 0.000 0.00 0.00 0.19 946.57 13.00 3.00 0 222662 0.0000000 0.0000000
0.292 0.003 0.00 0.00 0.19 946.57 13.00 3.00 0 222762 0.0000000 0.0000000
0.293 0.000 0.00 0.00 0.19 946.57 13.00 3.00 0 222862 0.0000000 0.0000000
0.292 0.003 0.00 0.00 0.19 946.57 13.00 3.00 0 222962 0.0000000 0.0000000
0.292 0.003 0.00 0.00 0.19 946.57 13.00 3.00 0 223062 0.0000000 0.0000000
0.292 0.000 0.00 0.00 0.19 946.57 13.00 3.00 0 223162 0.0000000 0.0000000
0.293 0.000 0.00 0.00 0.19 946.57 13.00 3.00 0 223262 0.0000000 0.0000000
0.290 0.000 0.00 0.00 0.19 946.57 13.00 3.00 0 223362 0.0000000 0.0000000
0.292 0.000 0.00 0.00 0.19 946.57 13.00 3.00 0 223462 0.0000000 0.0000000
0.292 0.003 0.00 0.00 0.19 946.57 13.00 3.00 0 223562 0.0000000 0.0000000
0.292 0.000 0.00 0.00 0.19 946.57 13.00 3.00 0 223662 0.0000000 0.0000000
0.292 0.003 0.00 0.00 0.19 946.57 13.00 3.00 0 223762 0.0000000 0.0000000
0.292 0.003 0.00 0.00 0.19 946.57 13.00 3.00 0 223862 0.0000000 0.0000000
0.292 0.000 0.00 0.00 0.19 946.57 13.00 3.00 0 223962 0.0000000 0.0000000
0.292 0.000 0.00 0.00 0.19 946.57 13.00 3.00 0 224062 0.0000000 0.0000000
0.290 0.003 0.00 0.00 0.19 946.57 13.00 3.00 0 224162 0.0000000 0.0000000
0.290 0.003 0.00 0.00 0.19 946.57 13.00 3.00 0 224262 0.0000000 0.0000000
0.290 0.003 0.00 0.00 0.19 946.57 13.00 3.00 0 224362 0.0000000 0.0000000