3.403 0.012 0.04 1.49 0.00 0.00 13.00 3.00 0 1896 0.0000000 0.0000000
3.396 0.012 0.04 1.49 0.00 0.00 13.00 3.00 0 1996 0.0000000 0.0000000
3.390 0.012 0.04 0.00 0.00 0.00 13.00 3.00 0 2096 0.0000000 0.0000000
3.383 0.010 0.03 0.00 0.01 0.00 13.00 3.00 0 2196 0.0000000 0.0000000
3.376 0.010 0.03 0.00 0.02 0.00 13.00 3.00 0 2296 0.0000000 0.0000000
3.370 0.010 0.03 0.00 0.02 0.00 13.00 3.00 0 2396 0.0000000 0.0000000
3.365 0.010 0.03 0.00 0.02 0.00 13.00 3.00 0 2496 0.0000000 0.0000000
3.359 0.012 0.04 0.00 0.03 0.00 13.00 3.00 0 2596 0.0000000 0.0000000
3.353 0.010 0.03 0.00 0.03 0.00 13.00 3.00 0 2695 0.0000000 0.0000000
3.345 0.010 0.03 0.00 0.03 0.00 13.00 3.00 0 2796 0.0000000 0.0000000
3.340 0.012 0.04 0.00 0.04 0.00 13.00 3.00 0 2896 0.0000000 0.0000000
3.333 0.010 0.03 0.00 0.04 0.00 13.00 3.00 0 2995 0.0000000 0.0000000
3.326 0.012 0.04 0.00 0.04 0.00 13.00 3.00 0 3096 0.0000000 0.0000000
3.320 0.012 0.04 0.00 0.05 0.00 13.00 3.00 0 3196 0.0000000 0.0000000
3.314 0.012 0.04 0.00 0.05 0.00 13.00 3.00 0 3296 0.0000000 0.0000000
3.308 0.010 0.03 0.00 0.06 0.00 13.00 3.00 0 3396 0.0000000 0.0000000
