1.124 0.010 0.01 1.54 0.00 0.00 13.00 3.00 0 1892 0.0000000 0.0000000
1.124 0.010 0.01 1.54 0.00 0.00 13.00 3.00 0 1992 0.0000000 0.0000000
1.124 0.010 0.01 0.00 0.00 0.00 13.00 3.00 0 2092 0.0000000 0.0000000
1.124 0.010 0.01 0.00 0.00 0.00 13.00 3.00 0 2192 0.0000000 0.0000000
1.124 0.010 0.01 0.00 0.00 0.00 13.00 3.00 0 2292 0.0000000 0.0000000
1.124 0.012 0.01 0.00 0.00 0.00 13.00 3.00 0 2392 0.0000000 0.0000000
1.124 0.010 0.01 0.00 0.00 0.00 13.00 3.00 0 2492 0.0000000 0.0000000
1.124 0.012 0.01 0.00 0.00 0.00 13.00 3.00 0 2592 0.0000000 0.0000000
1.124 0.010 0.01 0.00 0.01 0.00 13.00 3.00 0 2692 0.0000000 0.0000000
1.124 0.010 0.01 0.00 0.01 0.00 13.00 3.00 0 2792 0.0000000 0.0000000
1.124 0.010 0.01 0.00 0.01 0.00 13.00 3.00 0 2892 0.0000000 0.0000000
1.123 0.010 0.01 0.00 0.01 0.00 13.00 3.00 0 2992 0.0000000 0.0000000
1.123 0.010 0.01 0.00 0.01 0.00 13.00 3.00 0 3092 0.0000000 0.0000000
1.123 0.010 0.01 0.00 0.02 0.00 13.00 3.00 0 3192 0.0000000 0.0000000
1.124 0.010 0.01 0.00 0.02 0.00 13.00 3.00 0 3292 0.0000000 0.0000000
1.123 0.010 0.01 0.00 0.02 0.00 13.00 3.00 0 3392 0.0000000 0.0000000
