18.467 0.033 0.608 0.25 4.00 21437 0.00 0.00 55.48
18.416 0.031 0.564 9.20 4.00 21573 0.00 0.39 55.57
18.176 0.040 0.722 2.26 4.00 22125 0.00 0.02 55.91
17.940 0.044 0.794 7.39 4.00 22294 0.00 0.25 56.01
18.034 0.028 0.512 5.41 4.00 22525 0.00 0.14 56.16
18.282 0.049 0.892 4.14 4.00 22827 0.00 0.08 56.35
18.351 0.035 0.645 6.89 4.00 23008 0.00 0.22 56.47
18.529 0.040 0.736 1.94 4.00 23654 0.00 0.02 56.89
18.599 0.033 0.612 4.91 4.00 23908 0.00 0.11 57.06
18.464 0.033 0.608 2.09 4.00 24506 0.00 0.02 57.44
18.355 0.019 0.354 8.08 4.00 24661 0.00 0.30 57.53
18.267 0.015 0.270 2.54 4.00 25152 0.00 0.03 57.84
18.334 0.042 0.770 5.73 4.00 25370 0.00 0.15 57.98
18.231 0.031 0.559 8.32 4.00 25520 0.00 0.32 58.07
18.247 0.026 0.476 2.18 4.00 26093 0.00 0.02 58.43
18.244 0.035 0.642 8.68 4.00 26237 0.00 0.35 58.52
18.202 0.033 0.599 7.04 4.00 26415 0.00 0.23 58.63
18.549 0.040 0.737 2.86 4.00 26852 0.00 0.04 58.92
18.562 0.047 0.864 2.20 4.00 27419 0.00 0.02 59.29
18.565 0.019 0.358 7.42 4.00 27588 0.00 0.26 59.40
18.569 0.042 0.780 5.95 4.00 27798 0.00 0.16 59.53
18.607 0.037 0.697 2.30 4.00 28340 0.00 0.02 59.88
18.574 0.037 0.696 7.42 4.00 28509 0.00 0.26 59.99
18.516 0.042 0.777 1.87 4.00 29178 0.00 0.02 60.41
18.377 0.024 0.438 7.62 4.00 29342 0.00 0.27 60.51
18.267 0.026 0.477 2.41 4.00 29860 0.00 0.03 60.84
18.265 0.022 0.394 10.98 4.00 29974 0.00 0.56 60.92
18.397 0.044 0.814 10.09 4.00 30098 0.00 0.47 61.00
18.362 0.031 0.563 4.07 4.00 30405 0.00 0.08 61.19
18.439 0.051 0.942 14.20 4.00 30493 0.00 0.94 61.25
18.457 0.024 0.440 7.04 4.00 30671 0.00 0.23 61.36
18.565 0.047 0.864 10.11 4.00 30794 0.00 0.48 61.45
18.577 0.033 0.611 10.73 4.00 30911 0.00 0.54 61.52
18.595 0.019 0.359 18.74 4.00 30977 0.00 1.63 61.57
18.607 0.033 0.612 13.19 4.00 31072 0.00 0.81 61.63
18.696 0.042 0.785 3.52 4.00 31427 0.00 0.06 61.86
18.662 0.017 0.318 15.72 4.00 31506 0.00 1.15 61.91
18.651 0.028 0.529 18.22 4.00 31575 0.00 1.54 61.96
18.673 0.015 0.275 13.27 4.00 31669 0.00 0.82 62.02
18.590 0.017 0.316 5.43 4.00 31900 0.00 0.14 62.16
18.534 0.028 0.526 15.35 4.00 31981 0.00 1.10 62.21
18.487 0.053 0.986 17.89 4.00 32051 0.00 1.49 62.26
18.471 0.037 0.692 12.63 4.00 32150 0.00 0.74 62.32
18.461 0.040 0.733 4.99 4.00 32400 0.00 0.12 62.48
18.461 0.035 0.649 19.41 4.00 32465 0.00 1.75 62.52
18.449 0.035 0.649 16.53 4.00 32540 0.00 1.27 62.57
18.384 0.051 0.939 10.79 4.00 32656 0.00 0.54 62.64
18.301 0.040 0.727 4.89 4.00 32912 0.00 0.11 62.80
18.391 0.017 0.313 14.19 4.00 33000 0.00 0.94 62.86
18.277 0.035 0.643 2.80 4.00 33446 0.00 0.04 63.14
18.244 0.037 0.683 20.93 4.00 33506 0.00 2.04 63.18
18.280 0.031 0.560 23.40 4.00 33559 0.00 2.55 63.21
18.237 0.017 0.310 18.45 4.00 33627 0.00 1.58 63.25
18.265 0.042 0.766 13.24 4.00 33721 0.00 0.82 63.31
18.156 0.024 0.433 3.89 4.00 34042 0.00 0.07 63.51
18.191 0.028 0.516 20.45 4.00 34103 0.00 1.95 63.55
18.130 0.040 0.720 30.79 4.00 34144 0.00 4.41 63.58
18.227 0.024 0.434 27.86 4.00 34189 0.00 3.61 63.61
18.209 0.044 0.806 24.69 4.00 34240 0.00 2.84 63.64
18.216 0.033 0.599 20.82 4.00 34300 0.00 2.02 63.68
18.241 0.035 0.642 16.66 4.00 34375 0.00 1.29 63.72
18.324 0.047 0.853 10.60 4.00 34493 0.00 0.52 63.80
18.365 0.035 0.646 5.84 4.00 34706 0.00 0.16 63.94
18.381 0.037 0.688 25.71 4.00 34755 0.00 3.08 63.97
18.416 0.049 0.899 21.07 4.00 34814 0.00 2.07 64.01
18.391 0.060 1.106 15.67 4.00 34894 0.00 1.14 64.06
18.459 0.047 0.859 9.37 4.00 35028 0.00 0.41 64.15
18.465 0.037 0.691 5.22 4.00 35267 0.00 0.13 64.30
18.447 0.028 0.523 22.53 4.00 35322 0.00 2.36 64.34
18.407 0.024 0.439 17.91 4.00 35392 0.00 1.49 64.38
18.414 0.026 0.481 12.84 4.00 35489 0.00 0.77 64.44
18.536 0.031 0.568 0.34 4.00 39207 0.00 0.00 66.84
18.496 0.031 0.567 13.51 4.00 39299 0.00 0.85 66.90
18.514 0.024 0.441 15.54 4.00 39379 0.00 1.12 66.95
18.362 0.040 0.729 9.22 4.00 39515 0.00 0.40 67.03
18.376 0.024 0.438 5.76 4.00 39732 0.00 0.15 67.17
18.389 0.037 0.689 12.53 4.00 39832 0.00 0.73 67.23
18.329 0.033 0.603 3.60 4.00 40179 0.00 0.06 67.45
18.341 0.040 0.728 13.97 4.00 40268 0.00 0.91 67.51
18.405 0.033 0.606 9.10 4.00 40405 0.00 0.39 67.60
18.401 0.042 0.773 4.07 4.00 40712 0.00 0.08 67.79
18.381 0.037 0.688 17.16 4.00 40785 0.00 1.37 67.84
18.345 0.019 0.354 10.99 4.00 40899 0.00 0.56 67.91
18.262 0.037 0.684 4.21 4.00 41196 0.00 0.08 68.10
18.274 0.026 0.477 18.54 4.00 41263 0.00 1.60 68.14
18.289 0.085 1.550 17.35 4.00 41335 0.00 1.40 68.19
18.274 0.033 0.601 12.25 4.00 41437 0.00 0.70 68.25
18.140 0.015 0.268 4.48 4.00 41716 0.00 0.09 68.42
18.177 0.040 0.722 16.55 4.00 41792 0.00 1.27 68.47
18.175 0.031 0.557 15.77 4.00 41871 0.00 1.16 68.52
18.110 0.035 0.637 8.85 4.00 42012 0.00 0.36 68.61
18.294 0.031 0.561 6.16 4.00 42215 0.00 0.18 68.74
18.254 0.033 0.601 9.80 4.00 42343 0.00 0.45 68.82
18.334 0.042 0.770 10.22 4.00 42465 0.00 0.49 68.90
18.176 0.044 0.804 4.35 4.00 42753 0.00 0.09 69.08
18.181 0.035 0.640 9.74 4.00 42881 0.00 0.44 69.16
18.104 0.040 0.719 5.99 4.00 43090 0.00 0.17 69.29
18.202 0.040 0.723 9.98 4.00 43215 0.00 0.46 69.38
18.018 0.028 0.511 9.19 4.00 43351 0.00 0.39 69.46
17.955 0.028 0.509 10.30 4.00 43472 0.00 0.49 69.53
18.044 0.069 1.249 11.95 4.00 43577 0.00 0.66 69.60
18.000 0.031 0.552 5.34 4.00 43811 0.00 0.13 69.74
18.067 0.042 0.759 13.72 4.00 43902 0.00 0.88 69.80
18.151 0.037 0.680 8.12 4.00 44056 0.00 0.31 69.90
18.187 0.035 0.640 8.62 4.00 44201 0.00 0.35 69.99
18.229 0.033 0.600 11.02 4.00 44315 0.00 0.57 70.06
18.217 0.049 0.889 5.61 4.00 44537 0.00 0.15 70.20
18.327 0.019 0.354 11.42 4.00 44647 0.00 0.61 70.28
18.477 0.042 0.775 4.68 4.00 44914 0.00 0.10 70.45
18.524 0.056 1.030 15.18 4.00 44996 0.00 1.07 70.51
18.476 0.019 0.356 11.02 4.00 45110 0.00 0.57 70.58
18.497 0.042 0.776 3.98 4.00 45424 0.00 0.07 70.78
18.496 0.028 0.525 12.23 4.00 45526 0.00 0.70 70.85
18.643 0.035 0.656 4.10 4.00 45831 0.00 0.08 71.05
18.579 0.033 0.611 15.71 4.00 45911 0.00 1.15 71.10
18.555 0.037 0.695 15.03 4.00 45994 0.00 1.05 71.15
18.535 0.031 0.568 8.14 4.00 46148 0.00 0.31 71.25
18.529 0.037 0.694 6.71 4.00 46334 0.00 0.21 71.37
18.485 0.037 0.692 18.58 4.00 46401 0.00 1.61 71.41
18.495 0.031 0.567 13.76 4.00 46492 0.00 0.88 71.47
18.541 0.049 0.905 1.90 4.00 47149 0.00 0.02 71.90
18.547 0.037 0.695 9.49 4.00 47281 0.00 0.42 71.98
18.519 0.047 0.862 14.40 4.00 47367 0.00 0.96 72.04
18.495 0.031 0.567 12.27 4.00 47469 0.00 0.70 72.10
18.415 0.019 0.355 2.39 4.00 47992 0.00 0.03 72.44
18.385 0.037 0.688 12.07 4.00 48095 0.00 0.68 72.50
18.415 0.033 0.606 15.52 4.00 48176 0.00 1.12 72.55
18.456 0.033 0.607 11.05 4.00 48289 0.00 0.57 72.63
18.451 0.033 0.607 2.49 4.00 48791 0.00 0.03 72.95
18.377 0.033 0.605 12.14 4.00 48894 0.00 0.69 73.01
18.345 0.019 0.354 14.68 4.00 48979 0.00 1.00 73.07
18.315 0.035 0.644 7.57 4.00 49144 0.00 0.27 73.17
18.330 0.033 0.603 4.32 4.00 49433 0.00 0.09 73.36
18.307 0.028 0.519 15.09 4.00 49516 0.00 1.06 73.41
18.300 0.028 0.519 11.92 4.00 49621 0.00 0.66 73.47
18.300 0.028 0.519 4.11 4.00 49925 0.00 0.08 73.67
18.330 0.028 0.520 14.68 4.00 50010 0.00 1.00 73.72
18.290 0.033 0.602 13.89 4.00 50100 0.00 0.90 73.78
18.376 0.033 0.605 3.91 4.00 50420 0.00 0.07 73.99
18.395 0.028 0.522 12.12 4.00 50523 0.00 0.68 74.05
18.391 0.047 0.856 18.51 4.00 50591 0.00 1.59 74.10
18.457 0.033 0.607 14.33 4.00 50678 0.00 0.96 74.15
18.419 0.031 0.564 4.54 4.00 50953 0.00 0.10 74.33
18.490 0.042 0.776 9.45 4.00 51086 0.00 0.42 74.42
18.489 0.047 0.860 16.11 4.00 51163 0.00 1.21 74.47
18.464 0.037 0.691 10.31 4.00 51284 0.00 0.49 74.54
18.391 0.040 0.730 4.29 4.00 51576 0.00 0.09 74.73
18.454 0.040 0.733 15.34 4.00 51657 0.00 1.09 74.78
18.430 0.040 0.732 12.27 4.00 51759 0.00 0.70 74.85
18.347 0.026 0.479 3.14 4.00 52158 0.00 0.05 75.10
18.375 0.033 0.605 14.19 4.00 52246 0.00 0.94 75.16
18.361 0.031 0.563 11.15 4.00 52358 0.00 0.58 75.23
18.257 0.047 0.849 3.47 4.00 52719 0.00 0.06 75.45
18.244 0.044 0.807 15.85 4.00 52798 0.00 1.17 75.50
18.281 0.035 0.643 14.91 4.00 52881 0.00 1.03 75.56
18.310 0.044 0.810 7.15 4.00 53056 0.00 0.24 75.67
18.236 0.015 0.269 12.15 4.00 53159 0.00 0.69 75.73
18.337 0.074 1.353 8.80 4.00 53301 0.00 0.36 75.83
18.215 0.037 0.682 16.77 4.00 53376 0.00 1.31 75.87
18.217 0.031 0.558 13.17 4.00 53471 0.00 0.81 75.93
18.285 0.022 0.394 3.86 4.00 53795 0.00 0.07 76.14
18.362 0.033 0.604 15.07 4.00 53878 0.00 1.06 76.20
18.301 0.024 0.436 16.52 4.00 53954 0.00 1.27 76.24
18.345 0.035 0.645 10.62 4.00 54071 0.00 0.52 76.32
18.305 0.006 0.104 3.77 4.00 54403 0.00 0.07 76.53
18.300 0.033 0.602 17.64 4.00 54474 0.00 1.45 76.57
18.301 0.033 0.602 18.17 4.00 54542 0.00 1.54 76.62
18.236 0.044 0.807 12.73 4.00 54641 0.00 0.75 76.68
18.221 0.031 0.558 3.90 4.00 54961 0.00 0.07 76.88
18.237 0.053 0.973 15.32 4.00 55043 0.00 1.09 76.93
18.265 0.058 1.057 11.73 4.00 55150 0.00 0.64 77.00
18.324 0.031 0.561 5.40 4.00 55381 0.00 0.14 77.15
18.296 0.037 0.685 7.76 4.00 55542 0.00 0.28 77.25
18.277 0.035 0.643 18.98 4.00 55608 0.00 1.68 77.29
18.264 0.026 0.477 17.51 4.00 55679 0.00 1.43 77.33
18.271 0.031 0.560 12.06 4.00 55783 0.00 0.68 77.40
18.265 0.033 0.601 4.59 4.00 56055 0.00 0.10 77.57
18.269 0.047 0.850 14.52 4.00 56141 0.00 0.98 77.63
18.290 0.026 0.477 4.47 4.00 56421 0.00 0.09 77.81
18.344 0.037 0.687 11.73 4.00 56528 0.00 0.64 77.87
18.377 0.040 0.730 13.91 4.00 56618 0.00 0.90 77.93
18.351 0.040 0.729 2.50 4.00 57117 0.00 0.03 78.25
18.361 0.033 0.604 5.45 4.00 57346 0.00 0.14 78.40
18.407 0.040 0.731 6.75 4.00 57532 0.00 0.21 78.52
18.344 0.031 0.562 4.32 4.00 57821 0.00 0.09 78.70
18.444 0.012 0.231 11.17 4.00 57933 0.00 0.58 78.78
18.410 0.035 0.648 13.63 4.00 58025 0.00 0.86 78.84
18.444 0.026 0.481 13.15 4.00 58120 0.00 0.80 78.90
18.395 0.047 0.856 10.17 4.00 58242 0.00 0.48 78.98
18.387 0.037 0.689 7.09 4.00 58419 0.00 0.23 79.09
18.364 0.033 0.604 6.71 4.00 58605 0.00 0.21 79.21
18.425 0.042 0.774 11.61 4.00 58713 0.00 0.63 79.28
18.335 0.019 0.354 12.76 4.00 58811 0.00 0.76 79.34
18.379 0.033 0.605 15.52 4.00 58891 0.00 1.12 79.39
18.451 0.031 0.565 12.31 4.00 58993 0.00 0.71 79.46
18.395 0.028 0.522 13.35 4.00 59087 0.00 0.83 79.52
18.411 0.033 0.606 4.60 4.00 59358 0.00 0.10 79.69
18.370 0.044 0.813 14.92 4.00 59442 0.00 1.04 79.75
18.357 0.033 0.604 18.59 4.00 59509 0.00 1.61 79.79
18.290 0.033 0.602 18.66 4.00 59576 0.00 1.62 79.83
18.321 0.047 0.852 18.41 4.00 59644 0.00 1.58 79.87
18.361 0.031 0.563 16.81 4.00 59719 0.00 1.32 79.92
18.304 0.033 0.602 13.18 4.00 59814 0.00 0.81 79.98
18.336 0.026 0.479 7.75 4.00 59975 0.00 0.28 80.08
18.362 0.042 0.771 3.39 4.00 60343 0.00 0.05 80.32
18.390 0.037 0.689 11.30 4.00 60454 0.00 0.59 80.39
18.291 0.028 0.519 15.10 4.00 60537 0.00 1.06 80.44
18.365 0.037 0.688 15.25 4.00 60619 0.00 1.08 80.49
18.347 0.042 0.770 12.91 4.00 60716 0.00 0.78 80.56
18.334 0.035 0.645 6.08 4.00 60921 0.00 0.17 80.69
18.375 0.042 0.771 15.17 4.00 61004 0.00 1.07 80.74
18.414 0.037 0.690 20.24 4.00 61065 0.00 1.91 80.78
18.365 0.047 0.854 21.87 4.00 61123 0.00 2.23 80.82
18.339 0.033 0.604 23.99 4.00 61175 0.00 2.68 80.85
18.367 0.035 0.646 25.71 4.00 61223 0.00 3.08 80.88
18.334 0.022 0.395 26.33 4.00 61271 0.00 3.23 80.91
18.336 0.028 0.520 23.40 4.00 61324 0.00 2.55 80.95
18.329 0.033 0.603 19.41 4.00 61389 0.00 1.75 80.99
18.341 0.033 0.604 14.96 4.00 61472 0.00 1.04 81.04
18.390 0.042 0.772 7.90 4.00 61630 0.00 0.29 81.14
18.356 0.040 0.729 3.78 4.00 61961 0.00 0.07 81.35
18.375 0.028 0.521 16.56 4.00 62036 0.00 1.28 81.40
18.309 0.037 0.686 21.14 4.00 62095 0.00 2.08 81.44
18.330 0.022 0.395 18.31 4.00 62164 0.00 1.56 81.48
18.281 0.040 0.726 13.56 4.00 62256 0.00 0.86 81.54
18.350 0.044 0.812 3.04 4.00 62666 0.00 0.04 81.81
18.376 0.028 0.521 10.45 4.00 62786 0.00 0.51 81.88
18.345 0.031 0.562 17.29 4.00 62858 0.00 1.39 81.93
18.315 0.028 0.520 20.15 4.00 62920 0.00 1.89 81.97
18.339 0.037 0.687 22.07 4.00 62977 0.00 2.27 82.00
18.330 0.028 0.520 21.40 4.00 63036 0.00 2.13 82.04
18.407 0.022 0.397 17.34 4.00 63108 0.00 1.40 82.09
18.367 0.040 0.730 12.18 4.00 63210 0.00 0.69 82.16
18.336 0.033 0.603 3.48 4.00 63570 0.00 0.06 82.39
18.294 0.028 0.519 12.75 4.00 63668 0.00 0.76 82.45
18.301 0.035 0.644 17.99 4.00 63737 0.00 1.51 82.49
18.347 0.028 0.521 20.87 4.00 63797 0.00 2.03 82.53
18.359 0.033 0.604 22.01 4.00 63854 0.00 2.25 82.57
18.354 0.040 0.729 22.96 4.00 63908 0.00 2.45 82.60
18.371 0.037 0.688 21.54 4.00 63966 0.00 2.16 82.64
18.381 0.035 0.647 17.52 4.00 64038 0.00 1.43 82.69
18.350 0.033 0.604 12.12 4.00 64141 0.00 0.68 82.75
18.322 0.042 0.769 3.46 4.00 64502 0.00 0.06 82.98
18.370 0.037 0.688 10.62 4.00 64619 0.00 0.52 83.06
18.367 0.031 0.563 15.23 4.00 64702 0.00 1.08 83.11
18.356 0.028 0.521 13.16 4.00 64796 0.00 0.81 83.17
18.414 0.024 0.439 2.19 4.00 65367 0.00 0.02 83.54
18.369 0.033 0.605 10.12 4.00 65490 0.00 0.48 83.62
18.415 0.033 0.606 17.29 4.00 65563 0.00 1.39 83.66
18.456 0.042 0.775 18.76 4.00 65629 0.00 1.64 83.71
18.457 0.037 0.691 20.28 4.00 65691 0.00 1.92 83.75
18.469 0.040 0.734 20.34 4.00 65752 0.00 1.93 83.79
18.422 0.028 0.523 19.18 4.00 65817 0.00 1.71 83.83
18.456 0.031 0.565 14.52 4.00 65904 0.00 0.98 83.88
18.449 0.035 0.649 6.82 4.00 66087 0.00 0.22 84.00
18.470 0.035 0.650 11.84 4.00 66192 0.00 0.65 84.07
18.391 0.037 0.689 6.85 4.00 66375 0.00 0.22 84.19
18.371 0.031 0.563 16.97 4.00 66449 0.00 1.34 84.23
18.376 0.033 0.605 20.59 4.00 66509 0.00 1.97 84.27
18.314 0.044 0.812 22.55 4.00 66565 0.00 2.37 84.30
18.369 0.047 0.855 23.50 4.00 66618 0.00 2.57 84.34
18.349 0.033 0.604 23.91 4.00 66670 0.00 2.66 84.37
18.387 0.033 0.605 21.82 4.00 66727 0.00 2.22 84.41
18.345 0.031 0.562 17.93 4.00 66797 0.00 1.50 84.46
18.367 0.049 0.895 12.49 4.00 66897 0.00 0.73 84.52
