18.682 0.037 0.700 0.21 4.00 6027 0.00 0.00 2.34
18.683 0.033 0.615 4.67 4.00 6295 0.00 0.10 2.51
18.671 0.033 0.614 4.41 4.00 6578 0.00 0.09 2.69
18.671 0.035 0.657 3.47 4.00 6938 0.00 0.06 2.93
18.671 0.031 0.572 12.01 4.00 7043 0.00 0.67 2.99
18.673 0.035 0.657 14.29 4.00 7130 0.00 0.95 3.05
18.671 0.035 0.657 5.87 4.00 7343 0.00 0.16 3.19
18.673 0.031 0.572 13.08 4.00 7438 0.00 0.80 3.25
18.676 0.033 0.615 3.86 4.00 7763 0.00 0.07 3.46
18.682 0.035 0.657 17.76 4.00 7833 0.00 1.47 3.50
18.673 0.031 0.572 23.58 4.00 7886 0.00 2.59 3.54
18.681 0.033 0.615 17.82 4.00 7956 0.00 1.48 3.58
18.683 0.033 0.615 9.90 4.00 8082 0.00 0.46 3.66
18.681 0.037 0.700 9.36 4.00 8216 0.00 0.41 3.75
18.683 0.035 0.657 13.17 4.00 8311 0.00 0.81 3.81
18.681 0.028 0.530 12.97 4.00 8407 0.00 0.78 3.87
18.681 0.035 0.657 4.32 4.00 8696 0.00 0.09 4.06
18.676 0.033 0.615 10.32 4.00 8818 0.00 0.50 4.14
18.681 0.033 0.615 3.54 4.00 9170 0.00 0.06 4.36
18.687 0.037 0.700 13.02 4.00 9266 0.00 0.79 4.42
18.687 0.035 0.657 6.94 4.00 9447 0.00 0.22 4.54
18.701 0.037 0.700 17.36 4.00 9519 0.00 1.40 4.59
18.692 0.035 0.658 6.98 4.00 9698 0.00 0.23 4.70
18.683 0.037 0.700 11.93 4.00 9802 0.00 0.66 4.77
18.691 0.035 0.658 6.71 4.00 9989 0.00 0.21 4.89
18.683 0.035 0.657 12.61 4.00 10088 0.00 0.74 4.95
18.697 0.033 0.615 5.04 4.00 10336 0.00 0.12 5.11
18.705 0.040 0.743 14.55 4.00 10422 0.00 0.99 5.17
18.701 0.033 0.615 2.09 4.00 11021 0.00 0.02 5.55
18.701 0.035 0.658 14.94 4.00 11105 0.00 1.04 5.61
18.695 0.033 0.615 17.35 4.00 11177 0.00 1.40 5.65
18.702 0.037 0.700 9.00 4.00 11316 0.00 0.38 5.74
18.701 0.035 0.658 1.55 4.00 12120 0.00 0.01 6.26
18.698 0.033 0.615 23.75 4.00 12173 0.00 2.63 6.29
18.701 0.031 0.573 21.36 4.00 12231 0.00 2.12 6.33
18.703 0.035 0.658 16.92 4.00 12305 0.00 1.33 6.38
18.693 0.033 0.615 11.40 4.00 12415 0.00 0.61 6.45
18.701 0.035 0.658 5.62 4.00 12637 0.00 0.15 6.59
18.703 0.033 0.616 20.63 4.00 12698 0.00 1.98 6.63
18.702 0.035 0.658 16.60 4.00 12773 0.00 1.28 6.68
18.697 0.033 0.615 10.99 4.00 12887 0.00 0.56 6.75
18.701 0.035 0.658 5.86 4.00 13100 0.00 0.16 6.89
18.705 0.037 0.700 27.88 4.00 13145 0.00 3.62 6.92
18.703 0.033 0.616 24.82 4.00 13195 0.00 2.87 6.95
18.701 0.033 0.615 21.34 4.00 13254 0.00 2.12 6.99
18.697 0.033 0.615 16.89 4.00 13328 0.00 1.33 7.04
18.692 0.033 0.615 11.05 4.00 13441 0.00 0.57 7.11
18.698 0.033 0.615 9.75 4.00 13569 0.00 0.44 7.19
18.697 0.035 0.658 8.43 4.00 13717 0.00 0.33 7.29
18.701 0.033 0.615 3.71 4.00 14055 0.00 0.06 7.50
18.697 0.033 0.615 30.27 4.00 14096 0.00 4.27 7.53
18.707 0.033 0.616 28.65 4.00 14140 0.00 3.82 7.56
18.705 0.033 0.616 25.50 4.00 14189 0.00 3.03 7.59
18.702 0.033 0.615 21.62 4.00 14247 0.00 2.18 7.63
18.701 0.028 0.531 17.53 4.00 14318 0.00 1.43 7.67
18.701 0.035 0.658 12.03 4.00 14422 0.00 0.67 7.74
18.695 0.035 0.658 5.29 4.00 14658 0.00 0.13 7.89
18.688 0.037 0.700 6.97 4.00 14837 0.00 0.23 8.01
18.691 0.042 0.785 6.93 4.00 15018 0.00 0.22 8.12
18.683 0.035 0.657 9.29 4.00 15152 0.00 0.40 8.21
18.690 0.033 0.615 25.63 4.00 15201 0.00 3.06 8.24
18.695 0.035 0.658 21.83 4.00 15258 0.00 2.22 8.27
18.682 0.037 0.699 16.79 4.00 15333 0.00 1.31 8.32
18.678 0.033 0.615 10.59 4.00 15451 0.00 0.52 8.40
18.687 0.037 0.700 7.78 4.00 15611 0.00 0.28 8.50
18.695 0.035 0.658 26.64 4.00 15658 0.00 3.30 8.53
18.690 0.035 0.657 22.21 4.00 15715 0.00 2.30 8.57
18.691 0.035 0.658 18.02 4.00 15784 0.00 1.51 8.61
18.693 0.035 0.658 11.32 4.00 15894 0.00 0.60 8.68
18.691 0.035 0.658 4.95 4.00 16147 0.00 0.11 8.84
18.691 0.033 0.615 29.90 4.00 16189 0.00 4.16 8.87
18.690 0.035 0.657 34.29 4.00 16225 0.00 5.47 8.89
18.690 0.035 0.657 29.93 4.00 16267 0.00 4.17 8.92
18.690 0.033 0.615 26.85 4.00 16313 0.00 3.36 8.95
18.696 0.037 0.700 23.38 4.00 16367 0.00 2.54 8.98
18.695 0.035 0.658 19.74 4.00 16430 0.00 1.81 9.03
18.690 0.035 0.657 14.78 4.00 16515 0.00 1.02 9.08
18.691 0.035 0.658 3.80 4.00 16843 0.00 0.07 9.29
18.678 0.031 0.572 14.27 4.00 16931 0.00 0.95 9.35
18.687 0.035 0.657 26.65 4.00 16978 0.00 3.31 9.38
18.687 0.035 0.657 22.99 4.00 17032 0.00 2.46 9.41
18.581 0.026 0.485 18.99 4.00 17098 0.00 1.68 9.45
18.658 0.035 0.656 13.30 4.00 17192 0.00 0.82 9.51
15.245 -0.042 -0.640 4.30 4.00 17483 0.00 0.09 9.60
14.765 -0.044 -0.653 17.03 4.00 17556 0.00 1.35 9.63
14.709 -0.044 -0.651 21.69 4.00 17614 0.00 2.19 9.66
13.907 -0.047 -0.647 17.13 4.00 17687 0.00 1.37 9.68
12.594 -0.040 -0.500 11.82 4.00 17793 0.00 0.65 9.70
13.028 0.031 0.399 5.60 4.00 18016 0.00 0.15 9.81
12.888 0.044 0.570 23.95 4.00 18068 0.00 2.67 9.83
12.891 0.031 0.395 25.00 4.00 18118 0.00 2.91 9.85
12.951 0.033 0.426 20.85 4.00 18178 0.00 2.02 9.88
12.971 0.031 0.397 16.10 4.00 18256 0.00 1.21 9.91
13.073 0.044 0.579 8.61 4.00 18401 0.00 0.35 9.98
13.086 0.069 0.906 15.58 4.00 18481 0.00 1.13 10.01
13.083 0.044 0.579 27.07 4.00 18527 0.00 3.41 10.03
13.057 0.031 0.400 22.93 4.00 18582 0.00 2.45 10.06
13.132 0.040 0.522 18.85 4.00 18648 0.00 1.65 10.09
13.131 0.044 0.581 13.94 4.00 18738 0.00 0.90 10.13
13.145 0.035 0.462 8.50 4.00 18885 0.00 0.34 10.19
13.073 0.010 0.134 28.25 4.00 18929 0.00 3.71 10.21
13.125 0.026 0.343 28.63 4.00 18973 0.00 3.82 10.23
13.171 0.024 0.314 24.17 4.00 19025 0.00 2.72 10.26
13.086 0.015 0.193 20.47 4.00 19086 0.00 1.95 10.28
13.066 0.049 0.638 15.53 4.00 19166 0.00 1.12 10.32
12.932 0.031 0.396 5.37 4.00 19399 0.00 0.13 10.41
13.101 -0.008 -0.105 7.99 4.00 19555 0.00 0.30 10.49
13.107 0.026 0.342 3.41 4.00 19922 0.00 0.05 10.65
13.374 0.096 1.290 29.57 4.00 19964 0.00 4.07 10.68
12.790 0.124 1.582 26.00 4.00 20012 0.00 3.15 10.68
12.995 -0.008 -0.103 21.70 4.00 20070 0.00 2.19 10.71
13.481 0.033 0.443 17.74 4.00 20140 0.00 1.47 10.75
13.245 0.151 1.999 11.50 4.00 20249 0.00 0.62 10.80
13.402 0.076 1.019 5.09 4.00 20494 0.00 0.12 10.91
13.427 0.031 0.412 31.65 4.00 20534 0.00 4.66 10.93
13.145 0.081 1.059 34.59 4.00 20570 0.00 5.57 10.94
13.140 -0.019 -0.253 30.35 4.00 20611 0.00 4.29 10.96
12.966 0.067 0.868 27.18 4.00 20657 0.00 3.44 10.97
12.635 -0.049 -0.617 23.54 4.00 20710 0.00 2.58 10.99
13.207 0.019 0.255 19.87 4.00 20773 0.00 1.84 11.03
13.035 0.099 1.287 14.05 4.00 20862 0.00 0.92 11.06
13.197 0.006 0.075 4.33 4.00 21151 0.00 0.09 11.19
13.163 0.076 0.997 24.98 4.00 21201 0.00 2.90 11.21
12.852 -0.049 -0.627 38.03 4.00 21234 0.00 6.73 11.22
12.490 0.022 0.269 35.10 4.00 21269 0.00 5.73 11.23
12.695 0.074 0.936 32.51 4.00 21308 0.00 4.92 11.25
12.501 0.022 0.270 29.25 4.00 21350 0.00 3.98 11.26
12.545 0.056 0.698 26.23 4.00 21398 0.00 3.20 11.28
12.958 0.060 0.778 22.46 4.00 21454 0.00 2.35 11.32
12.645 0.115 1.449 18.66 4.00 21521 0.00 1.62 11.34
13.191 0.035 0.464 12.46 4.00 21621 0.00 0.72 11.40
12.741 0.087 1.113 5.27 4.00 21858 0.00 0.13 11.49
13.237 0.078 1.036 31.88 4.00 21898 0.00 4.73 11.52
13.097 -0.037 -0.490 33.51 4.00 21935 0.00 5.23 11.53
13.012 0.058 0.753 27.45 4.00 21980 0.00 3.51 11.55
12.833 -0.003 -0.044 22.81 4.00 22035 0.00 2.42 11.57
12.835 0.003 0.044 18.21 4.00 22104 0.00 1.54 11.60
13.088 0.015 0.193 13.35 4.00 22197 0.00 0.83 11.65
13.126 0.042 0.551 4.05 4.00 22506 0.00 0.08 11.78
13.128 0.101 1.326 30.57 4.00 22547 0.00 4.35 11.80
13.366 0.047 0.621 41.21 4.00 22577 0.00 7.91 11.82
13.397 0.003 0.046 38.03 4.00 22610 0.00 6.73 11.84
13.371 0.060 0.804 34.18 4.00 22647 0.00 5.44 11.85
13.120 0.006 0.074 31.49 4.00 22686 0.00 4.62 11.87
12.858 0.031 0.394 28.22 4.00 22731 0.00 3.71 11.88
12.961 -0.003 -0.044 25.22 4.00 22780 0.00 2.96 11.90
13.183 0.024 0.314 21.40 4.00 22839 0.00 2.13 11.93
13.028 0.083 1.079 17.04 4.00 22912 0.00 1.35 11.96
13.085 0.053 0.698 7.74 4.00 23073 0.00 0.28 12.03
13.351 0.026 0.348 9.74 4.00 23202 0.00 0.44 12.10
13.201 0.024 0.315 35.95 4.00 23237 0.00 6.01 12.11
13.183 0.035 0.464 32.91 4.00 23274 0.00 5.04 12.13
13.061 0.053 0.697 28.37 4.00 23319 0.00 3.75 12.14
13.005 0.049 0.635 25.20 4.00 23368 0.00 2.96 12.16
12.852 0.044 0.569 21.40 4.00 23427 0.00 2.13 12.19
13.246 0.037 0.496 17.44 4.00 23498 0.00 1.42 12.23
13.232 0.006 0.075 11.93 4.00 23603 0.00 0.66 12.27
13.522 0.060 0.813 5.57 4.00 23827 0.00 0.14 12.38
13.428 0.037 0.503 32.83 4.00 23865 0.00 5.02 12.40
13.227 0.042 0.555 40.63 4.00 23896 0.00 7.68 12.40
13.391 0.033 0.441 36.27 4.00 23931 0.00 6.12 12.42
13.173 0.044 0.583 33.42 4.00 23968 0.00 5.20 12.44
13.165 0.042 0.552 30.22 4.00 24009 0.00 4.25 12.45
13.071 0.024 0.311 27.30 4.00 24055 0.00 3.47 12.47
13.121 0.053 0.700 23.73 4.00 24108 0.00 2.62 12.50
13.011 0.069 0.901 20.11 4.00 24170 0.00 1.88 12.52
12.986 -0.017 -0.221 14.73 4.00 24255 0.00 1.01 12.56
13.227 0.035 0.465 6.29 4.00 24453 0.00 0.18 12.65
13.160 -0.001 -0.015 30.17 4.00 24495 0.00 4.24 12.67
13.132 0.044 0.581 42.81 4.00 24524 0.00 8.53 12.68
13.341 0.074 0.984 39.00 4.00 24556 0.00 7.08 12.70
13.251 0.008 0.105 35.16 4.00 24592 0.00 5.76 12.71
13.315 0.040 0.529 31.72 4.00 24631 0.00 4.68 12.73
13.302 0.033 0.438 28.86 4.00 24674 0.00 3.88 12.75
13.166 0.033 0.433 25.41 4.00 24724 0.00 3.01 12.77
13.267 0.012 0.166 22.00 4.00 24780 0.00 2.25 12.80
13.245 0.049 0.646 17.52 4.00 24852 0.00 1.43 12.83
13.546 0.069 0.943 9.71 4.00 24981 0.00 0.44 12.89
13.731 0.006 0.078 7.14 4.00 25156 0.00 0.24 12.98
13.791 0.083 1.142 41.97 4.00 25185 0.00 8.20 12.99
13.674 0.065 0.885 45.59 4.00 25213 0.00 9.68 13.00
13.716 0.067 0.918 42.13 4.00 25242 0.00 8.26 13.01
13.622 0.065 0.881 38.32 4.00 25275 0.00 6.84 13.03
13.734 0.040 0.546 35.92 4.00 25310 0.00 6.01 13.04
13.586 0.049 0.663 32.76 4.00 25348 0.00 4.99 13.06
13.451 0.033 0.443 30.00 4.00 25390 0.00 4.19 13.07
13.317 0.008 0.106 26.68 4.00 25436 0.00 3.31 13.09
13.246 0.003 0.045 23.60 4.00 25489 0.00 2.59 13.11
13.419 0.076 1.020 19.60 4.00 25553 0.00 1.79 13.14
13.195 0.024 0.314 15.14 4.00 25636 0.00 1.07 13.17
13.337 0.062 0.832 7.98 4.00 25792 0.00 0.30 13.25
12.913 0.101 1.304 3.89 4.00 26114 0.00 0.07 13.38
13.008 0.035 0.458 34.63 4.00 26150 0.00 5.58 13.40
12.840 -0.022 -0.277 33.48 4.00 26187 0.00 5.22 13.41
12.777 0.074 0.942 30.54 4.00 26228 0.00 4.34 13.42
12.945 0.069 0.896 27.58 4.00 26273 0.00 3.54 13.45
13.085 0.006 0.074 23.70 4.00 26326 0.00 2.61 13.47
12.946 0.028 0.367 19.65 4.00 26390 0.00 1.80 13.50
12.547 0.142 1.780 14.29 4.00 26477 0.00 0.95 13.53
9.376 0.026 0.244 2.65 4.00 26949 0.00 0.03 13.64
9.886 0.001 0.011 13.18 4.00 27044 0.00 0.81 13.68
9.704 -0.015 -0.143 14.18 4.00 27132 0.00 0.94 13.71
10.052 0.037 0.376 3.14 4.00 27530 0.00 0.05 13.85
10.058 0.031 0.308 24.22 4.00 27582 0.00 2.73 13.86
10.035 0.033 0.330 29.52 4.00 27624 0.00 4.06 13.88
10.070 0.028 0.286 26.74 4.00 27671 0.00 3.33 13.89
10.098 0.028 0.286 23.02 4.00 27725 0.00 2.47 13.91
10.106 0.031 0.310 19.07 4.00 27791 0.00 1.69 13.93
10.092 0.035 0.355 13.62 4.00 27882 0.00 0.86 13.96
9.922 -0.001 -0.011 5.54 4.00 28108 0.00 0.14 14.04
9.471 0.040 0.376 25.21 4.00 28157 0.00 2.96 14.04
9.966 0.022 0.215 35.73 4.00 28192 0.00 5.94 14.06
10.022 0.033 0.330 31.53 4.00 28232 0.00 4.63 14.08
10.015 0.026 0.261 27.68 4.00 28277 0.00 3.57 14.09
9.699 -0.015 -0.143 24.18 4.00 28329 0.00 2.72 14.10
10.025 0.017 0.171 20.81 4.00 28389 0.00 2.02 14.13
10.030 0.031 0.307 15.82 4.00 28468 0.00 1.16 14.16
10.106 0.026 0.264 6.63 4.00 28657 0.00 0.20 14.22
10.093 0.028 0.286 26.20 4.00 28704 0.00 3.19 14.23
10.113 0.031 0.310 40.65 4.00 28735 0.00 7.69 14.25
10.111 0.033 0.333 37.76 4.00 28768 0.00 6.64 14.26
9.978 0.010 0.102 35.07 4.00 28804 0.00 5.72 14.27
10.083 0.037 0.378 31.94 4.00 28843 0.00 4.75 14.28
10.086 0.031 0.309 29.11 4.00 28886 0.00 3.95 14.29
10.065 0.019 0.194 25.66 4.00 28935 0.00 3.07 14.31
10.106 0.035 0.356 22.37 4.00 28990 0.00 2.33 14.33
10.077 0.033 0.332 18.09 4.00 29060 0.00 1.52 14.35
9.472 -0.015 -0.140 11.14 4.00 29172 0.00 0.58 14.38
9.682 -0.012 -0.121 4.99 4.00 29422 0.00 0.12 14.46
9.471 0.012 0.119 32.86 4.00 29460 0.00 5.03 14.47
9.835 -0.006 -0.056 35.04 4.00 29496 0.00 5.71 14.49
9.868 0.060 0.594 30.10 4.00 29538 0.00 4.22 14.50
9.591 0.053 0.511 24.26 4.00 29589 0.00 2.74 14.51
9.716 0.092 0.893 19.76 4.00 29652 0.00 1.82 14.54
9.957 0.044 0.441 14.66 4.00 29738 0.00 1.00 14.57
9.998 0.022 0.216 4.03 4.00 30048 0.00 0.08 14.67
10.145 0.117 1.186 17.17 4.00 30121 0.00 1.37 14.70
9.477 -0.012 -0.118 39.94 4.00 30152 0.00 7.43 14.70
9.129 -0.010 -0.093 38.64 4.00 30184 0.00 6.95 14.70
9.645 0.090 0.865 35.15 4.00 30220 0.00 5.75 14.72
9.361 0.060 0.563 31.94 4.00 30259 0.00 4.75 14.73
9.916 -0.012 -0.124 29.05 4.00 30302 0.00 3.93 14.75
9.410 -0.012 -0.117 25.65 4.00 30351 0.00 3.06 14.76
9.706 0.108 1.046 22.39 4.00 30407 0.00 2.33 14.78
9.544 -0.012 -0.119 18.19 4.00 30475 0.00 1.54 14.80
10.016 0.033 0.330 12.47 4.00 30576 0.00 0.72 14.84
9.935 0.087 0.868 7.63 4.00 30739 0.00 0.27 14.89
9.976 0.060 0.600 33.84 4.00 30776 0.00 5.33 14.91
10.072 0.035 0.354 39.83 4.00 30808 0.00 7.39 14.92
10.126 0.022 0.218 36.42 4.00 30842 0.00 6.17 14.93
9.572 -0.012 -0.119 33.14 4.00 30880 0.00 5.11 14.93
9.235 -0.015 -0.136 30.37 4.00 30921 0.00 4.29 14.94
9.124 -0.012 -0.114 26.95 4.00 30967 0.00 3.38 14.95
9.510 0.031 0.291 23.80 4.00 31020 0.00 2.64 14.98
9.331 0.028 0.265 19.82 4.00 31083 0.00 1.83 14.99
9.289 0.022 0.200 15.16 4.00 31165 0.00 1.07 15.02
9.784 0.044 0.433 5.17 4.00 31407 0.00 0.12 15.10
9.784 0.015 0.144 22.95 4.00 31462 0.00 2.45 15.12
9.826 0.074 0.725 30.75 4.00 31502 0.00 4.40 15.13
9.935 0.019 0.192 27.08 4.00 31548 0.00 3.41 15.15
9.680 0.051 0.494 22.80 4.00 31603 0.00 2.42 15.17
9.922 0.037 0.372 18.90 4.00 31669 0.00 1.66 15.19
9.362 0.067 0.627 13.80 4.00 31760 0.00 0.89 15.21
9.535 0.026 0.249 2.90 4.00 32191 0.00 0.04 15.35
9.522 0.083 0.783 19.36 4.00 32255 0.00 1.74 15.37
9.550 0.026 0.249 31.24 4.00 32295 0.00 4.54 15.38
9.150 -0.012 -0.114 26.49 4.00 32342 0.00 3.27 15.39
9.465 0.015 0.140 22.93 4.00 32397 0.00 2.45 15.41
9.571 0.047 0.445 18.67 4.00 32464 0.00 1.62 15.43
9.317 0.040 0.370 13.98 4.00 32553 0.00 0.91 15.45
9.370 -0.015 -0.138 5.06 4.00 32800 0.00 0.12 15.53
9.892 0.017 0.168 23.93 4.00 32853 0.00 2.67 15.56
9.923 0.028 0.282 35.84 4.00 32887 0.00 5.98 15.57
9.775 0.015 0.145 33.67 4.00 32925 0.00 5.28 15.58
9.610 0.031 0.294 30.30 4.00 32966 0.00 4.27 15.59
9.359 0.060 0.563 27.35 4.00 33012 0.00 3.48 15.60
9.181 0.031 0.281 23.52 4.00 33065 0.00 2.57 15.61
9.109 0.012 0.114 19.74 4.00 33128 0.00 1.81 15.63
9.205 0.060 0.554 14.96 4.00 33212 0.00 1.04 15.66
9.729 -0.001 -0.011 8.11 4.00 33366 0.00 0.31 15.71
9.865 0.051 0.504 7.06 4.00 33543 0.00 0.23 15.77
9.525 0.044 0.422 26.40 4.00 33590 0.00 3.24 15.78
9.985 0.019 0.193 22.92 4.00 33645 0.00 2.45 15.80
10.000 0.024 0.238 18.97 4.00 33711 0.00 1.68 15.83
10.082 0.028 0.286 13.67 4.00 33802 0.00 0.87 15.86
9.058 -0.012 -0.114 4.52 4.00 34078 0.00 0.10 15.93
9.193 0.074 0.678 14.94 4.00 34162 0.00 1.04 15.96
7.824 -0.010 -0.080 19.28 4.00 34227 0.00 1.73 15.96
10.280 0.786 7.310 14.55 4.00 34313 0.00 0.99 16.01
10.822 -0.015 -0.161 5.74 4.00 34530 0.00 0.15 16.13
12.445 -0.019 -0.240 9.56 4.00 34661 0.00 0.43 16.22
12.606 0.085 1.073 12.30 4.00 34763 0.00 0.70 16.26
13.108 0.056 0.725 2.96 4.00 35185 0.00 0.04 16.46
13.020 -0.022 -0.281 25.59 4.00 35234 0.00 3.05 16.48
12.651 -0.019 -0.244 28.64 4.00 35278 0.00 3.82 16.49
12.759 -0.008 -0.101 25.68 4.00 35327 0.00 3.07 16.51
13.198 0.001 0.015 21.89 4.00 35384 0.00 2.23 16.55
12.811 -0.022 -0.276 17.83 4.00 35454 0.00 1.48 16.57
13.439 -0.024 -0.320 11.83 4.00 35559 0.00 0.65 16.64
14.600 0.062 0.911 5.96 4.00 35769 0.00 0.17 16.77
14.273 -0.040 -0.567 24.37 4.00 35820 0.00 2.76 16.79
13.666 0.051 0.698 26.33 4.00 35868 0.00 3.23 16.79
13.955 0.028 0.396 22.76 4.00 35923 0.00 2.41 16.82
14.044 0.019 0.271 18.98 4.00 35989 0.00 1.68 16.86
14.065 0.019 0.271 13.52 4.00 36081 0.00 0.85 16.90
13.666 -0.047 -0.636 4.94 4.00 36334 0.00 0.11 17.01
15.136 1.209 18.293 25.93 4.00 36382 0.00 3.13 17.05
15.019 -0.044 -0.669 34.18 4.00 36419 0.00 5.44 17.10
14.835 -0.042 -0.623 31.33 4.00 36459 0.00 4.57 17.12
15.069 -0.044 -0.667 28.57 4.00 36503 0.00 3.80 17.14
17.290 -0.040 -0.691 25.03 4.00 36553 0.00 2.92 17.24
18.055 -0.024 -0.430 21.46 4.00 36611 0.00 2.14 17.30
18.169 -0.040 -0.726 16.62 4.00 36686 0.00 1.29 17.37
18.643 0.012 0.233 10.42 4.00 36806 0.00 0.51 17.47
21.846 0.019 0.421 2.75 4.00 37260 0.00 0.04 17.92
21.730 -0.047 -1.011 13.68 4.00 37352 0.00 0.87 17.99
21.826 0.028 0.619 28.83 4.00 37395 0.00 3.87 18.02
21.760 0.033 0.716 31.81 4.00 37434 0.00 4.71 18.05
21.757 0.019 0.420 28.41 4.00 37478 0.00 3.76 18.09
21.846 0.035 0.769 25.26 4.00 37528 0.00 2.97 18.13
21.918 0.042 0.920 21.29 4.00 37586 0.00 2.11 18.17
21.851 0.056 1.215 16.98 4.00 37660 0.00 1.34 18.23
21.750 0.094 2.043 10.13 4.00 37784 0.00 0.48 18.32
20.996 -0.042 -0.886 5.81 4.00 37999 0.00 0.16 18.45
21.369 0.092 1.964 11.09 4.00 38112 0.00 0.57 18.53
21.677 0.078 1.697 27.56 4.00 38157 0.00 3.54 18.58
21.776 0.037 0.815 24.37 4.00 38208 0.00 2.76 18.62
22.051 0.067 1.476 19.61 4.00 38272 0.00 1.79 18.68
22.117 0.022 0.477 14.79 4.00 38356 0.00 1.02 18.74
20.838 -0.044 -0.922 4.00 4.00 38669 0.00 0.07 18.94
21.544 -0.006 -0.122 12.51 4.00 38768 0.00 0.73 19.04
22.363 -0.047 -1.040 24.45 4.00 38820 0.00 2.78 19.13
23.150 -0.008 -0.184 21.71 4.00 38877 0.00 2.19 19.22
26.225 -0.056 -1.458 17.15 4.00 38950 0.00 1.37 19.42
27.862 -0.056 -1.549 11.62 4.00 39058 0.00 0.63 19.62
29.229 0.024 0.697 5.65 4.00 39279 0.00 0.15 19.92
29.205 0.028 0.829 30.02 4.00 39320 0.00 4.20 19.97
29.191 0.035 1.027 36.24 4.00 39355 0.00 6.11 20.00
29.185 0.031 0.895 33.93 4.00 39392 0.00 5.36 20.04
29.203 0.031 0.895 30.66 4.00 39433 0.00 4.38 20.09
29.248 0.037 1.095 27.75 4.00 39478 0.00 3.58 20.14
29.308 0.033 0.965 24.03 4.00 39530 0.00 2.69 20.19
29.335 0.058 1.698 20.31 4.00 39591 0.00 1.92 20.26
29.208 0.051 1.492 14.99 4.00 39675 0.00 1.05 20.34
29.330 0.090 2.629 9.77 4.00 39802 0.00 0.44 20.48
27.074 0.244 6.605 10.40 4.00 39923 0.00 0.50 20.49
28.469 -0.015 -0.420 2.87 4.00 40358 0.00 0.04 20.98
28.404 0.044 1.257 31.77 4.00 40397 0.00 4.70 21.02
28.451 0.065 1.840 33.64 4.00 40434 0.00 5.27 21.06
28.622 0.042 1.202 29.22 4.00 40477 0.00 3.97 21.11
28.658 0.115 3.285 25.91 4.00 40525 0.00 3.12 21.16
28.367 -0.031 -0.869 21.90 4.00 40582 0.00 2.23 21.21
28.356 0.094 2.671 17.55 4.00 40653 0.00 1.43 21.28
27.622 -0.058 -1.599 11.68 4.00 40761 0.00 0.63 21.35
30.698 0.044 1.359 2.98 4.00 41180 0.00 0.04 21.96
30.852 0.065 1.996 17.67 4.00 41250 0.00 1.45 22.04
30.928 0.053 1.649 22.38 4.00 41306 0.00 2.33 22.11
30.852 0.015 0.455 17.48 4.00 41378 0.00 1.42 22.18
30.690 0.085 2.612 11.93 4.00 41483 0.00 0.66 22.29
31.124 0.008 0.247 3.97 4.00 41798 0.00 0.07 22.66
31.622 0.056 1.758 30.62 4.00 41838 0.00 4.37 22.73
31.429 0.019 0.606 38.80 4.00 41871 0.00 7.01 22.76
30.598 -0.067 -2.049 35.38 4.00 41906 0.00 5.83 22.76
31.406 0.060 1.889 31.27 4.00 41946 0.00 4.55 22.84
30.660 -0.065 -1.983 28.27 4.00 41990 0.00 3.72 22.85
30.696 0.037 1.150 24.72 4.00 42041 0.00 2.84 22.90
30.963 -0.058 -1.792 21.26 4.00 42100 0.00 2.10 22.98
30.296 -0.067 -2.037 16.20 4.00 42177 0.00 1.22 23.04
30.770 -0.067 -2.060 8.56 4.00 42323 0.00 0.34 23.22
30.545 0.071 2.184 2.53 4.00 42816 0.00 0.03 23.74
30.171 0.047 1.404 32.85 4.00 42854 0.00 5.02 23.76
30.259 0.078 2.369 38.53 4.00 42887 0.00 6.91 23.80
30.262 0.190 5.735 30.87 4.00 42927 0.00 4.43 23.84
30.488 -0.067 -2.041 25.87 4.00 42976 0.00 3.11 23.91
30.403 0.131 3.968 22.52 4.00 43031 0.00 2.36 23.96
30.476 0.069 2.106 18.30 4.00 43099 0.00 1.56 24.03
30.895 0.074 2.279 13.50 4.00 43192 0.00 0.85 24.16
31.309 0.028 0.888 4.43 4.00 43474 0.00 0.09 24.50
31.266 0.058 1.809 30.64 4.00 43515 0.00 4.37 24.54
31.164 0.053 1.662 39.07 4.00 43547 0.00 7.11 24.57
31.442 0.058 1.818 36.16 4.00 43582 0.00 6.09 24.62
31.513 0.044 1.395 32.67 4.00 43620 0.00 4.97 24.67
31.352 -0.049 -1.530 29.94 4.00 43662 0.00 4.17 24.71
31.371 0.067 2.100 26.57 4.00 43709 0.00 3.29 24.76
31.412 0.026 0.820 23.39 4.00 43762 0.00 2.55 24.82
31.197 0.008 0.248 19.24 4.00 43827 0.00 1.72 24.88
31.572 0.074 2.325 13.73 4.00 43918 0.00 0.88 25.00
31.309 0.056 1.741 2.85 4.00 44356 0.00 0.04 25.47
31.349 0.040 1.245 29.91 4.00 44398 0.00 4.16 25.52
31.104 0.076 2.365 34.95 4.00 44434 0.00 5.68 25.54
31.056 -0.069 -2.150 31.25 4.00 44474 0.00 4.54 25.59
31.212 0.058 1.806 27.45 4.00 44519 0.00 3.51 25.64
31.033 -0.003 -0.106 24.33 4.00 44571 0.00 2.76 25.69
31.324 0.053 1.670 20.34 4.00 44632 0.00 1.93 25.77
31.469 0.044 1.393 16.21 4.00 44709 0.00 1.22 25.87
30.756 0.040 1.222 7.14 4.00 44884 0.00 0.24 26.02
31.036 0.065 2.005 5.97 4.00 45094 0.00 0.17 26.26
30.936 0.017 0.527 20.39 4.00 45155 0.00 1.94 26.32
31.079 0.081 2.504 37.47 4.00 45188 0.00 6.54 26.37
31.149 0.035 1.096 34.71 4.00 45224 0.00 5.61 26.41
30.837 0.033 1.015 31.51 4.00 45264 0.00 4.62 26.44
31.069 0.031 0.952 28.83 4.00 45307 0.00 3.87 26.50
31.106 0.028 0.882 25.32 4.00 45357 0.00 2.99 26.56
30.835 0.042 1.295 21.82 4.00 45414 0.00 2.22 26.61
30.665 0.015 0.452 17.47 4.00 45485 0.00 1.42 26.68
31.062 0.042 1.304 12.43 4.00 45586 0.00 0.72 26.81